5.030989485139383	0.07563250392043472	0
4.871276319433422	-0.44468063044488537	0
5.013303444476634	0.06049437954795628	0
4.77912333211431	0.010433015852194881	0
4.908893499296531	0.003495831805011346	0
5.306555842871692	0.293871753980057	0
5.03548522845075	-0.08035618724165239	0
4.872830784324224	0.13528665898929995	0
5.23575591423193	-0.03598496716247018	0
4.658745961874997	0.39015507904635793	0
5.237605958470461	0.06338852238496993	0
4.818540327123351	0.010389079159227791	0
5.134458951402487	0.08149236724822209	0
4.980309495114914	-0.13269565727242147	0
5.432647189856138	0.2673055898872784	0
5.028808714232175	0.290854701392595	0
4.9863516789350735	0.34266854432987337	0
5.122815874069216	0.18444133431330537	0
5.115318163322988	-0.04165975111559898	0
4.861086428053727	-0.029926908065534153	0
4.846016785110937	0.10784983825836346	0
4.897838972486225	-0.23612643682448242	0
5.041654995615372	0.19532780729674257	0
5.08046832823551	-0.13696201818806264	0
5.07127327943488	0.14131463363838964	0
5.172887239771901	-0.1484330040812884	0
4.919364610605364	0.2444890140764855	0
5.373511598029993	-0.1954555759752822	0
4.766970031843329	0.18016529739083742	0
5.376630139411251	-0.2695518122284893	0
5.246058136145544	0.24047596975688226	0
5.453950924797521	-0.290873134919753	0
4.765375318977168	0.38872423712985854	0
5.125046290205438	-0.32041153112134957	0
5.154358110242733	0.1647008307927463	0
4.799956930522087	-0.30895421935552236	0
4.74142861805531	0.05341017386983659	0
4.8373707435911095	-0.34525652046633537	0
4.793151431643107	0.1363189036563254	0
5.476628954972789	0.18889589739808277	0
4.489402036833185	0.13072371908807212	0
5.225327184421301	-0.21598630167268468	0
4.736818517897696	-0.0923169209629418	0
5.184171764756163	0.06374553058860424	0
5.059647634841212	0.2652771793374061	0
5.195747596821148	0.4481786398402916	0
5.29765043875912	0.37917783520611664	0
5.1900176835051175	-0.03027144165953958	0
5.002100004144164	0.35717409878116707	0
5.079201342532329	-0.21861230174610116	0
4.93041757013477	0.03126979382079601	0
5.22788013690866	-0.24696516407073055	0
4.922534636518409	-0.06046055011506712	0
5.352810469193533	0.08003144167344467	0
5.06261354033018	-0.17081914786034497	0
4.9921434363545005	-0.2336186995482395	0
5.093132487946092	-0.30724873725544477	0
4.839318067165232	-0.13790995555004013	0
4.754912896233966	0.16887259528030943	0
5.1713661223805385	-0.13020511866002937	0
4.912969289655672	0.3698527456958684	0
5.373511792085314	0.18120893165507707	0
4.917276203848051	-0.14949096228815156	0
4.745903000302853	0.19387934163160225	0
4.673960330606791	0.09255645110515484	0
4.873135581263807	-0.07254823319742763	0
4.994363554332269	0.08566637410608353	0
4.851049035590312	-0.1652877077318029	0
4.946399325809724	0.16049127915927905	0
4.790289406986582	-0.28400358743579507	0
4.820906687761265	0.0773804995718524	0
5.384588405296077	0.2961029582868849	0
4.86550791044481	-0.07191063230810826	0
5.104655332106351	-0.034309266244449625	0
4.979356229641288	0.08211970038767447	0
4.6772204304884095	-0.04254805604279374	0
4.7494409279900145	0.15549807116638203	0
4.827754862989059	0.38201299061980676	0
4.822442850473977	-0.3961592936447854	0
5.075285106231126	-0.21988015811683892	0
4.8651334678685245	0.006366111654870237	0
5.033334699074506	0.1270062873784213	0
5.1898841613851525	0.01751024827703818	0
5.152207545029398	0.024335003298565683	0
4.929201217749303	-0.27499025868360377	0
4.77050626951778	-0.08756400894888682	0
4.89806956364967	-0.08761486032223728	0
4.900393509861539	0.38590641076339716	0
5.088772646549085	0.06673486547485337	0
4.852087400721738	0.3086029190813472	0
5.298815814631522	-0.041031652753160175	0
4.937689493574526	0.011233068445949089	0
4.825840570163623	-0.1157699329528831	0
4.701748481458879	0.08787834025290739	0
5.009151703460289	-0.03743677000516672	0
4.7858494756978915	0.21089034538622733	0
4.817435554911168	0.2234032576191706	0
5.025382418540724	0.08039787268894033	0
5.18945039355475	-0.03100201861816684	0
5.145818112435507	0.025796582151482134	0
10.407901849595042	-0.581746269839506	1
9.609806543089576	-0.3563660331982112	1
9.526606888953268	0.12098875909591256	1
9.009825792467932	0.33774519056061886	1
9.178636134330464	-0.27581991110008025	1
9.880035367010235	-0.06054288331907916	1
8.817491923749994	0.7803101580927159	1
9.354122582243326	0.0626815421089456	1
9.515452220736075	-0.6626860409287816	1
10.113111685743384	0.587743507960114	1
9.775927265813916	0.5207384918259994	1
9.037057896323658	-0.12491690045027733	1
9.445620119728671	0.45475654504107815	1
9.192033570221874	0.21569967651672692	1
10.421566679073576	-0.4240063290886189	1
8.820757672227098	0.15491219015802538	1
9.071698951395783	0.42178069077245467	1
9.239082560025992	-0.20847572492044436	1
9.460618990229827	-0.26539131454484294	1
9.927403759726404	-0.18135432154055509	1
9.539089987085942	0.23318147190131744	1
9.8789007871095	-0.06200403723633368	1
10.247023584170629	0.36241786331015413	1
9.37639481238115	-0.6704015225319907	1
9.614537475556912	0.2435375337901803	1
9.325938579311345	0.7397054913917368	1
9.204174801443475	0.6172058381626944	1
9.709310664212701	-0.06861853248889925	1
9.174741487182219	-0.6905130409326707	1
9.550764837081449	0.16079574537788066	1
8.903496962917758	0.17575668050581478	1
10.453257909945577	0.37779179479616554	1
9.024456296886388	-0.20272654171947502	1
10.253260278822502	-0.5391036244569786	1
9.611969839617295	-0.03926015585718318	1
9.843169569716935	0.45644074666302936	1
8.866824641065968	0.24415175164288208	1
9.194342430437423	-0.5751165895206314	1
9.383265054900855	-0.30459688472464935	1
9.14181337552253	0.1547609991437048	1
9.29567794497245	-0.47225287364896484	1
9.030750637954336	0.7774484742597171	1
9.338729221210729	0.488978028152971	1
9.261474384619797	-0.021026918507818515	1
9.375645531320611	0.038960066507513366	1
9.490269550240425	-0.2952123636822755	1
9.798875333681853	-0.4755779820814945	1
9.67050349231124	0.27076321401209824	1
9.375378987149052	0.022466136891898178	1
9.842732244761077	-0.26041023732005875	1
9.1222214976327	-0.1640198772810194	1
8.854440860976819	-0.08509611208558748	1
8.687726212887402	0.8257971445437278	1
9.583309991230744	0.39065561459348513	1
9.960932625913248	0.4318474368147285	1
10.40372358027634	-0.01690286066425708	1
9.392906585242413	-0.45120453258800275	1
9.493727155358979	0.0643712673192892	1
10.09530087751824	0.7583556704122333	1
9.17465429631832	-0.5865697311210056	1
9.223180060886243	0.6145508216983191	1
9.308137674396821	0.24814331933740502	1
9.037527027271235	0.31247924068399735	1
9.230266935737049	0.012732223309740474	1
9.757325786025172	-0.6282493634533811	1
9.686264975892184	-0.6144974745108895	1
9.650570212462252	-0.43976031623367784	1
9.209761048614567	-0.5533455821580222	1
9.080578813973164	-0.5680071748715901	1
9.779382859642935	0.0015083556345077361	1
9.872739349645721	0.1359859935205048	1
9.314561610141562	0.19259258950938488	1
9.81453118484359	-0.18656763869437723	1
9.777509261076053	-0.06382937525850677	1
9.659618538256051	-1.10903710257066	1
9.246271162527615	-0.14509646639485527	1
8.597774308239124	-0.4090027374542414	1
9.658402685064658	-0.4372246034922023	1
10.097631629263043	-0.08206330550632035	1
9.345069273036819	-0.12092110023013423	1
9.212158244579284	-0.32519719542163095	1
9.334552407696101	-0.2989819245763031	1
9.730636326645977	-0.08331950223119795	1
9.726916111141067	-0.0890700402060618	1
8.977389259305873	0.6632522718472753	1
9.483131419483769	-0.11475487695596305	1
9.791636224871015	0.05159316430296427	1
9.879768322770305	0.03502049655407636	1
10.269176810592153	0.5922059165737698	1
9.137080654246702	0.020778158318455583	1
9.766553232812766	-0.18428791495542132	1
10.365294379712276	0.5346111797745569	1
9.11762199980289	-0.13839271027975458	1
9.086302863286214	0.2726378073126508	1
9.845774479543802	-0.2968660081625768	1
9.612176682126519	-0.3972494443718323	1
9.488727108664538	0.17133274821216707	1
8.725488077661398	0.07551143871753142	1
9.23101582088962	-0.14382126461621653	1
9.808716220485467	0.3294016615854926	1
9.29613912729934	-0.17522972064447456	1
9.67754529309817	0.13346973094970674	1
9.242552638866844	-0.8893612608897707	1
8.998881855980029	0.31099614233276407	1
9.218119889657507	0.3773042899877979	1
9.566669398149012	0.2540125747568426	1
9.049269676497303	-0.29227110114592997	1
10.282364923300278	0.1560373290751706	1
9.458712459282577	0.16423940077534893	1
9.35862730049712	-0.646589675460413	1
9.950654368842603	-0.43197260334536935	1
9.836652505629454	-0.09978343206437955	1
9.226395640905114	0.6638203184759489	1
9.436933193534474	0.9026893989192838	1
9.493191834455423	0.15166069422203274	1
9.731408599091552	0.1398617827972696	1
9.392798651619447	0.3209825583185581	1
9.36083514026954	0.06253958764159202	1
9.446519376132624	0.43109752239050514	1
9.446847768965219	-0.11911635176069134	1
9.248764976143368	-0.1924108473843151	1
9.155509725978119	0.7640259812396135	1
9.939863838354846	0.2621054922890391	1
9.224864955588528	-0.48563096123764826	1
9.975211916940921	0.12677704476993987	1
9.134871109822337	0.4468065152383412	1
8.88368119422215	0.025304797680132687	1
9.144885700947954	-0.7923185872895708	1
9.245661568648448	0.2705733179785999	1
9.619295269682423	0.5305543586748122	1
8.973637035795392	-0.1846338419258836	1
10.205620938387066	0.16006288334688934	1
9.300787019723078	0.7718128215267943	1
9.239036567045192	-0.15638135007504045	1
9.475349439161741	-0.04292211051646988	1
9.55761742846435	0.58170940278519	1
9.776615500428075	0.27789965746240236	1
9.099913861044174	-0.6179084387110447	1
9.95576027381732	-0.4939303281414611	1
8.9662966114389	-0.5386870023190221	1
9.358402435498606	-0.5499805173672075	1
9.768917902804974	0.16298473449644418	1
9.05824666422862	0.020866031704389762	1
10.159253972883024	0.06569110219493358	1
9.697496710939676	-0.046441575613746615	1
8.797643766624912	0.18037378472236595	1
9.5709704569015	-0.16071237448330478	1
9.484286872709001	-0.467237399096479	1
8.98285723611062	0.10682034773967318	1
9.562602615186151	0.09287241448011031	1
9.745631748138432	0.36888266862661073	1
9.66093665647102	-0.2739240363761253	1
9.081898653541218	0.48445811587308035	1
9.323630947082963	-0.11214219807380364	1
9.033940063686657	0.36033059478167484	1
9.504200008288327	0.7143481975623341	1
9.352327264823023	-0.09575167103037056	1
9.519797992660036	0.19753471051238256	1
9.864071563237037	0.12688728607652083	1
9.750092580410875	-0.6408230622426991	1
9.518303406920579	-0.07487354001033344	1
9.317786998593062	0.006991663610022692	1
9.992116272291089	0.4809519395137645	1
9.245025189779108	-0.15890872573151907	1
9.34022038829485	0.1480223551390075	1
8.436331104801305	0.24252780974375232	1
9.64254655886976	0.2826292672767793	1
10.045812739240988	-0.2757796738199751	1
9.222172856107454	-0.059853816131068306	1
9.04101253903556	-0.17512801789777363	1
9.97151182846386	-0.07196993432494037	1
9.282855409593314	0.16642001850457022	1
9.10579570492634	-0.5887340029854348	1
8.930375636406987	-0.19732795334487763	1
9.62522708066036	-0.34163829572068993	1
9.34604807632749	0.037740635726829605	1
9.202098071180624	-0.3305754154636058	1
10.247023196059986	-0.3909111519505644	1
8.991806000605706	0.3877586832632045	1
8.76277217993734	-0.1911896016161947	1
9.42373860256744	-0.15793980561338014	1
9.556781265328311	-0.12773136685803807	1
9.868343529512327	0.1274910611772085	1
9.261073572413855	-0.0951686918944028	1
9.472703357870147	0.6853370886597467	1
9.80930119096104	-0.4735522560773271	1
9.756052610439037	-0.6467824177243338	1
9.417238529534412	0.35207156483231294	1
9.708425950581104	-0.23031518792522646	1
9.804415090058797	0.04867000659713137	1
8.47880407366637	0.26144743817614424	1
9.891495193642296	0.8963572796805832	1
9.151681140327247	-0.2315398659057662	1
9.709556409533683	0.03536883481786456	1
10.08663148622967	0.3410207757844928	1
9.452734381948572	-0.27207128159874017	1
8.847920661213582	0.18511290221030968	1
10.097793817796548	-0.8279940100054131	1
9.561978970278766	0.15126500784086944	1
9.45578373710701	0.4080690846863199	1
16.76007073402047	-0.12108576663815832	2
17.564729846600557	0.3120746581503412	2
15.717254600994242	-1.293179350920826	2
15.635573997186125	0.013983327220045383	2
16.37252995178437	-1.228994949021779	2
16.125205230372302	0.18574482896022063	2
17.05530950104126	-0.7059350548399349	2
14.934230676324399	-1.5748997518288164	2
15.565710819186625	0.33284003700914044	2
16.537835805609948	0.32596946899288837	2
16.753974495376315	-0.21407579698827817	2
15.917424918565153	0.32847880155069786	2
15.444345712214908	-0.11970763226213661	2
14.20831675307061	0.32119924407223	2
16.418621328425402	-0.1372370649777985	2
15.806384136103825	1.2146089362845645	2
15.585984765991677	-0.7830638874870159	2
15.544550357223851	0.2159234839526091	2
15.683816813876517	-0.9275364131199304	2
15.223116343644412	0.25185376361265904	2
16.608830180117593	0.09734001319426273	2
15.082025078071117	-0.35025603579554726	2
15.592278254598677	-0.3504594412889491	2
15.65187715862269	1.4794109827834736	2
15.62652356315779	-1.1335248905010076	2
15.721670280539078	0.12507917528318405	2
16.296660001024883	0.11364944414978853	2
15.752789624762302	-1.3408030450639814	2
16.6404518427448	0.06260814012932908	2
16.229074951113823	0.4870750675803606	2
15.987454310717956	0.1287425346385784	2
16.02960457752812	0.614321926186163	2
15.11649332845724	0.041732063408779524	2
15.847477205134881	-0.3158796112267603	2
14.438556718814718	-0.5279133837835984	2
14.733649282131935	0.48830350328576416	2
15.6804407765897	0.296044710278015	2
15.834477059068822	0.7041431296646259	2
15.2444429952654	-0.3280397545620388	2
15.019651584935865	0.6754903811212377	2
14.806993925835515	0.35151336101162955	2
17.538353621184307	1.1844118331475395	2
17.215995888612618	1.3756714459329558	2
15.785597303238896	0.6419651166371162	2
14.641515344454197	0.30982438031605075	2
16.613330545316067	0.28503425397783116	2
15.6239736938393	-0.17338517646043092	2
15.648648382558282	0.14507074337425704	2
16.657268569639836	0.004234117039488683	2
15.349482974364436	-1.3810260818653415	2
16.617432440970934	0.6588033231709852	2
16.691548959087605	-0.5937320163251536	2
16.193694368788098	-0.7109762058829047	2
16.55323100085615	0.5557993149248047	2
16.462817198183103	0.2797235655945392	2
14.767362388444301	0.05060959536026537	2
16.039595985320073	0.3950694210247651	2
16.736687059024653	0.254982122354417	2
15.708245164486652	0.1253630842178912	2
15.274161308493406	0.041556316636911166	2
15.355498793968506	-0.8946495394573057	2
14.375452425774805	1.6515942890874555	2
15.235243999605778	-0.27678542055950917	2
14.976248661436609	-0.4683449634222181	2
16.365932484976792	-0.7716896109869827	2
14.655025427604453	-0.71117708647636	2
14.104330475818717	0.6912418403981184	2
15.485105277733688	-1.7787225217795415	2
15.893695537930435	-0.23823270352138268	2
16.94302365692772	-0.14393986864988073	2
16.416851901162207	-0.4606303758504529	2
16.695170789517437	0.22149752467690242	2
15.283626751045059	0.3095219982874096	2
15.404196142361249	-0.6611508309272116	2
15.473157626555997	-0.4113871727519911	2
15.156297228811988	0.656198269859745	2
16.55876571928587	0.0030167112690154723	2
15.446360121772488	1.2291016433966382	2
16.316805370129316	-0.8744492069844046	2
16.749393970828205	1.1298621648299545	2
16.03090444147215	-1.3253720818575632	2
17.906515819891155	0.7555835895923311	2
15.185566499770108	-0.06228380475268061	2
15.950698878323482	-0.08584422103293976	2
15.424316489158565	-0.6503943908432619	2
16.1152348569287	1.16341880557038	2
16.008400016576655	1.4286963951246683	2
17.843133358147153	-0.8480126581772378	2
16.69007680906276	-2.1244952743799463	2
15.172605726572428	0.5452756146253016	2
16.555018522152107	-0.12765875051701353	2
15.677458442421456	0.977956056305942	2
14.954778518611747	1.3265045436945506	2
17.494047168341258	0.7248357266203083	2
15.449729911177053	-0.9712619224752965	2
15.143397902791566	0.8435613815449093	2
15.478165120051985	-0.4169514498408887	2
15.416764272964244	0.15724592058302794	2
16.950423833881842	0.25355408953987973	2
16.283806154490573	0.49350924351462305	2
15.968573745418004	-0.934474798192958	2
16.166619982461487	0.7813112291869703	2
16.271123300172757	1.6168348491878382	2
15.716804870997214	-1.099961034734415	2
15.061501275908672	1.5548969485194342	2
14.195548616478249	-0.8180054749084829	2
16.419112819067365	0.07073766963572913	2
15.056673655489849	1.0411424573318087	2
16.22393967923459	-0.07852031171436635	2
16.85480751945281	-0.36270864308111017	2
15.986383668910847	0.3033213884440655	2
16.21961308617915	-0.7127320663964224	2
16.745478699291443	0.2719719870410096	2
16.754436869858015	-2.191741733751645	2
16.133338796298023	0.5080251495136852	2
16.533106465625533	-0.36857582991084265	2
15.597746639485969	1.929962943634999	2
16.281424088545087	0.30338842682846945	2
16.514651572050344	-1.2564987269067622	2
17.39109814196361	0.7955155130523992	2
15.452791281810226	1.3276406369518978	2
16.078179974171885	0.4663629438026349	2
15.873866387068947	1.8053787978385676	2
14.932593222877797	-1.0773740046380442	2
16.394993421879352	-0.09288315122749323	2
16.113562530656623	-0.25546273371607614	2
15.357272268660926	-0.5516398222001605	2
14.693892379012404	-1.2542141794467634	2
17.386176949535308	0.5476008854873523	2
15.08815803565858	0.6279660169924002	2
15.977454217329075	0.34266549642433414	2
16.39895221992786	0.8383777247744423	2
16.880227470576298	1.038417577860977	2
15.074115792647317	-0.24983380090055465	2
16.32187331294204	-0.5478480727522506	2
15.905468763897144	-0.5441425631974803	2
15.303362280654495	-0.4630797318115324	2
15.821915455241344	-0.7304633744334371	2
15.21159140985268	-1.1774680059708695	2
15.161157627946325	-1.1360143497431803	2
16.434649513110017	0.35123436613763404	2
16.94510288103063	-0.5055230064041338	2
14.169103967988377	0.2011875320172296	2
14.99776371196006	0.6219922846655281	2
15.471954943892733	0.1406551626368224	2
15.690138546073639	-0.24184220046026847	2
15.490050379558216	-0.31781745146303814	2
14.585169239458375	0.2843854341950153	2
14.108660946287056	0.0162673453641946	2
15.785813170484827	-0.9024090651760055	2
15.048912593772776	-0.40545308343895003	2
17.19060175503648	1.5167113408244666	2
16.984232544582177	0.961903879027529	2
16.12395794055753	0.3025300156817389	2
15.478073134090383	-0.3127627001500809	2
15.669104815392203	-0.5979638491526063	2
15.76653010980171	-0.6091937694492987	2
16.28509311773952	0.5652585345535586	2
15.199827722088347	-1.2358168774220895	2
15.384067140443747	0.43139935303345384	2
16.053213777906535	0.24197751819182511	2
16.877077476532637	-0.18737264107562923	2
16.62906236968718	-0.37313527738875446	2
13.957608147332737	0.5228948763522885	2
14.324317543035084	0.09897753138680526	2
16.902875251611654	0.39680075707516976	2
15.722039478001149	-0.4650147814882602	2
14.860751272813975	-0.39465590668975525	2
15.591355889944902	-0.9445057472979297	2
15.921237980459654	-0.5307826290896859	2
15.750757974298102	0.044932273783796356	2
15.55655229874296	-0.37651012652383314	2
15.272989403232758	-0.3394540967823212	2
15.4605338714741	0.025464446619480947	2
17.494046392119973	-0.7818223039011288	2
16.782990387284592	1.7927145593611664	2
16.036606813841157	-0.1497470800206669	2
15.826440344050681	0.35631460071583787	2
15.692283661485986	-0.35506887452415825	2
15.28977140189591	-1.5846371745791417	2
15.752708444182632	-0.18677332923495418	2
14.708881721953638	-0.17019222417117497	2
16.757801574219	-0.12400807447266736	2
15.69209615265498	0.07548127145365921	2
16.131142857962068	0.07705708473695747	2
14.947274071590783	-0.3692676838517672	2
13.872662209602607	0.48505561948750464	2
16.00690231913406	0.4216033667637278	2
15.311019451956238	1.528051962479227	2
17.318507945766047	0.13138220438986717	2
17.195587635593096	-1.6559880200108261	2
17.17326297245934	0.6820415515689856	2
14.695841322427164	0.37022580442061936	2
15.45757937474844	1.038276632520879	2
15.893038752265248	0.8621950447810103	2
15.521076850461611	-0.8927175887683156	2
15.491323137296895	0.5411466359571998	2
15.837682527386667	-0.08790622344745104	2
16.301140424924505	-0.8795206324673557	2
15.89515679076687	0.9064639036477775	2
15.49254232505523	-0.29019293278971053	2
17.226223371486768	1.175487015920228	2
15.37389667533798	-0.0883114392215102	2
15.647261894165927	-0.22428439614760728	2
16.61860238192208	-0.9471045121546542	2
15.891240239457343	0.9095130900821563	2
15.52214714482771	-0.1903373837888056	2
15.46203164177924	-0.28764252923243305	2
15.624908649626564	-1.7611530284004464	2
15.68608880148029	-2.4369144438399415	2
17.730588759424553	1.0692223595491137	2
15.436239779315013	0.7546085799755958	2
15.349308592636637	-1.1731394622420113	2
16.68633913943387	0.9128814933260587	2
17.815803699190084	-1.163492539679012	2
16.716208218311944	1.099971253114392	2
17.506520557645004	-1.0782072489139571	2
16.25045416132072	-0.6832765914413799	2
15.231596494693482	-0.6344938901661373	2
16.101529674162897	0.3215914907557613	2
15.419522097229132	-1.1066911643160444	2
17.091625478481976	-0.5515593476399502	2
16.58327244974203	0.10318632860592854	2
15.07505405454247	0.6249584813679947	2
16.700666209269865	-0.09208597478978138	2
16.156055757721106	-1.4252502845644732	2
16.743604089183624	0.46577967311833945	2
15.601574039446156	1.5436256430535886	2
16.91152054763464	-0.9878606562829222	2
16.728143126474073	0.25377457215304167	2
17.60900534517051	-0.03567634116468562	2
16.15944015751717	-0.04048283276933272	2
14.921659661896705	-0.6092587106052472	2
16.224353364253037	-0.7944988887436646	2
15.851957063192527	-0.6461187900930846	2
16.461272653291953	-0.1666390044623959	2
14.525544359874681	-0.3823792032323894	2
15.980539100480852	-0.590424727364551	2
16.238590539364846	1.0611087173496243	2
15.388684860874845	-1.1502331790412628	2
16.597750667363705	-0.951155964162989	2
14.842772240349289	0.640238359472022	2
16.50018516082175	-1.2816461244853983	2
17.80744716055268	-0.03380572132851416	2
16.306185944009815	-0.027393824425563096	2
17.41124187677413	0.3201257666937787	2
15.067880127373314	0.7206611895633497	2
15.931255386422709	0.15543435043661735	2
15.945406715740296	1.3706741773194935	2
14.386874697760192	-0.43156370669960115	2
15.895914436645036	0.07516258350845498	2
16.170784039128137	-0.966858922986577	2
15.911567474214023	0.8161381693726398	2
16.35509058619634	0.2669394618994135	2
15.779463572351554	-0.5677823726775106	2
18.156979242050863	-0.05913973302433211	2
16.491263496276865	0.7377653372532215	2
16.551854531627832	1.0414769836519988	2
15.629123220283125	0.38518517901876975	2
16.673305011258908	-0.1995668641287591	2
15.098539352994605	-0.5845422022918599	2
17.195263258526087	-0.1641266110126407	2
14.965714472221242	0.21364069547934636	2
16.685464489522154	-0.5208204746401175	2
16.901308737685206	-0.8639452066907387	2
14.983612001211412	0.775517366526409	2
15.79068364343128	-0.14579582703195434	2
15.17605177335282	-0.2799546916712838	2
16.34100698462248	0.5415264280241965	2
16.75953664554061	0.07004099310815272	2
16.141940913803	-0.32142474896660955	2
15.751291062641222	0.07792013301502673	2
15.704654529646046	-0.19150334206074113	2
14.450976155322795	0.15102287743506285	2
16.370504263454887	0.22327661151396275	2
16.453832222282134	-0.1781400804121236	2
16.471903856587616	-0.29108704797663193	2
15.522948769239594	-0.04205383701563703	2
15.497529952286737	-0.3848216947686302	2
16.97989645135493	0.05188488507486094	2
15.255874797980542	-0.14287127366986332	2
16.617124758941475	0.8235510630262137	2
15.163797307082437	0.9689162317461607	2
15.824367177335029	-0.8672292965375477	2
14.63498384749999	1.5606203161854317	2
17.210662466058565	0.44250565136606723	2
14.595287533249824	0.3607475694447319	2
15.269742219644673	0.8936130304766824	2
15.963436831471812	0.17640612460573865	2
15.616275348793643	0.49628663867481004	2
16.319237076512103	-2.21807420514132	2
16.651615857990294	0.04714047134530397	2
15.966262838967538	-0.2295097539119261	2
16.921865251826496	0.863694873629457	2
16.512105220878073	-1.2935648354486675	2
16.363025530108548	-1.4637923288036252	2
15.408349602886949	1.2344116763253887	2
16.87972767670969	0.5242109845780782	2
16.227423736645772	1.394135024524505	2
16.86255784297139	-2.047347733075277	2
27.12445231353277	-0.16205037794783897	3
24.937147490836008	-1.868949596385916	3
27.183250956963953	-1.1031186952799004	3
22.685544480698578	1.280476718944044	3
28.614894321105364	-0.06761144265702831	3
26.314537139279672	0.008468234078977366	3
21.41663350614122	0.64239848814446	3
24.350493236498426	1.158989607791943	3
25.294280790944494	-0.6167836166009733	3
26.072912720497456	-1.132009116016923	3
24.91018716728199	-0.002216068376153162	3
26.47337411804931	0.509964244708834	3
28.461177518849105	2.1384447190982274	3
24.962523031965677	1.7267115649799827	3
25.448706728506075	-1.5889977774873292	3
24.782480478914685	1.8190261801643126	3
24.84247596091931	-1.0615652581793718	3
25.7171124550773	2.713890516525057	3
22.371255530351025	-0.6497148740157311	3
25.633610740258632	-1.7488984139688093	3
25.247915881115066	0.6050600313634777	3
23.714544537321853	-1.103279644400321	3
27.193582410065794	-0.8157491874215665	3
25.583169998784808	2.354115129827741	3
26.1064620017123	1.1115986298496094	3
25.459047180805353	-3.7129508412651866	3
26.258124739374363	-0.7462705547775089	3
22.59616548898926	-2.8442671275739304	3
24.571194606477793	1.2839302332742324	3
24.90804877045537	-0.6259472834784261	3
23.399655444176695	-2.471633754844179	3
25.458149902227646	0.9741501351607212	3
25.333239964922978	1.5626224583739405	3
24.682561765087925	0.1507076804962345	3
22.17033847891675	0.5687708683900305	3
23.545978806465516	-0.6789081935646424	3
25.2504104607446	0.37148965792044125	3
24.380277092147278	-0.48368440092053694	3
24.911435923164177	-0.4222997577483006	3
24.41591165352599	-2.866124076865894	3
26.075671611219896	0.6519389379857767	3
24.906261518185822	-0.5080689502883188	3
25.723982548223436	0.15663383266020336	3
24.834849837130307	0.6569576031013957	3
24.446000883764302	-1.271418113714398	3
25.47477307599058	1.3279778545297651	3
26.370928979044304	-1.041640949280235	3
21.90195231064559	0.3020457548701257	3
27.110619002082522	-1.4118701096798698	3
23.499391630157678	0.6929727250421499	3
22.388122716691228	-0.10741464738323483	3
22.61398785167103	0.7030267220232591	3
22.417763443907276	-0.34038444834234993	3
21.773749395520383	-0.8631274133992023	3
25.266677592596047	1.0160502990273703	3
25.749416374843282	2.7774063962971414	3
24.791828873290072	0.15032516701690996	3
24.571626340969654	-1.804818130352011	3
25.54224660034551	3.2336696983756763	3
24.053755731507025	1.7990706952165891	3
24.613859533675033	-1.405104548496117	3
22.283030688908394	0.6196487606321015	3
24.184556509197353	-0.7009188825778983	3
24.338209630784405	-1.1959276983052125	3
23.56415851695707	2.099952587425594	3
25.74100852690977	0.4465532230279255	3
23.943909887785466	0.2813103252736448	3
22.437062321643943	-1.4194895069520646	3
23.635862644526966	0.036735608972722315	3
24.14356773674745	0.04064833341602563	3
23.738129192785014	1.7514213995393462	3
25.0618088829443	-2.6507441637151263	3
23.484018248148992	0.39110952953861217	3
23.097825187545553	-0.8109061668779001	3
23.698617185273275	-2.3462789244840225	3
26.10370906325566	2.0829539673039976	3
22.688095681482604	-1.9368687905973627	3
23.659715132947287	-0.9458929660230876	3
22.46729856426387	0.9766070065715283	3
23.19707870598921	-1.1690844045837199	3
23.286795805583132	1.6871227630898187	3
24.13142163837325	0.6656800740182809	3
26.234864881941867	1.3176066463419704	3
28.754635248842497	-2.046657771245213	3
25.907664444564272	-0.3562801608242472	3
26.634864936941877	-0.8840650774667668	3
23.497629483715542	1.6272335862611915	3
26.110037044304214	-0.25531750103402706	3
25.15635994834377	0.9327258876052698	3
26.23631173936381	-2.658557265783302	3
22.08118935049947	0.4857662471392023	3
23.74779335067596	-0.1766228784430204	3
20.915216294665473	1.045789752704577	3
26.104686439012877	1.2746753733834744	3
26.490957398582886	0.5439439740820192	3
28.631607398380172	-2.326985079358024	3
24.694954410269762	-0.6317592224535206	3
25.79688384749257	-0.041907579750800776	3
27.431991777225235	2.7513428918659115	3
24.79031358153374	1.812927807295555	3
26.55605726262806	3.41418919552726	3
24.320538716107414	-1.3279433560607392	3
29.31395848410173	-0.11827946604866423	3
24.148016129265493	1.032088437535803	3
24.703914126385055	-1.2922375801861692	3
23.84863297831713	-1.3007887816865238	3
24.788946176352052	0.647618899264796	3
23.507614542728994	-2.0209093585636406	3
25.500908322641443	-1.3665531828827597	3
24.833050413608493	-1.5808031079899751	3
25.433872295419697	-1.2823950166309999	3
25.84647238133509	0.6762057947341211	3
23.548322616986813	0.08311263327382233	3
23.780616780924003	-1.4204482186174967	3
28.686266716294305	-1.6960253163544756	3
25.752693031754372	0.49831531448664884	3
24.644036783611327	-1.3742718524922746	3
28.076707242368617	2.368823666295079	3
24.232550697587286	0.9925732773496201	3
26.280903685489594	0.12521628025865816	3
24.961078200961705	-1.180849454729102	3
26.50887373971603	-4.38348346750329	3
24.50083822733406	-1.3444646327668905	3
26.380153618125522	-4.248990548759893	3
22.190575066499648	0.7214951388894638	3
26.730201655133104	-1.0102015815190222	3
24.3499149912879	-1.3824719857637913	3
21.208660951637434	1.3824836807962368	3
28.22249624786955	-0.4908252416432073	3
23.892720243544975	2.4582032867932764	3
22.894548143181567	-0.7385353677035345	3
24.501515948596204	0.08986454756759271	3
26.11753143857174	0.0060334225380309445	3
24.191426692376943	-1.3052664671903542	3
23.800495448475367	0.05249399618193889	3
24.27114799437225	0.027966654440090766	3
25.4625928084461	0.6605933127138796	3
25.98252699255373	1.475530674506443	3
24.381006645038966	-0.8164683834138057	3
26.50794899075263	-0.42815159397655633	3
25.528922810039	1.518794357693177	3
23.946315253111994	-0.8227743455039822	3
28.013041115290008	-2.1564144978279143	3
26.024210441756146	-2.587129670897335	3
24.97490862143591	0.2574850692771568	3
23.956146268180767	-0.6255254003001618	3
25.902413656118096	-2.0552836767880436	3
26.487208178367244	0.9315593462366789	3
23.23298665691448	0.08346412681755905	3
25.968192134531467	1.4328895768821184	3
25.316747663911947	1.7310963495636245	3
23.625644178489054	-1.4383074503448576	3
27.216418474755567	-0.48495720547851634	3
23.148231585294635	-0.4996676018011093	3
24.434509201988483	-2.586358701841652	3
24.95490843465815	0.6853309928486683	3
25.26228571592414	0.15411416947391493	3
26.0003703216435	-2.5632922489707965	3
23.037405344965414	1.5479138400803762	3
25.09583149298604	-0.34003687163249474	3
23.872479558630026	1.5092171599511917	3
26.709615038905614	-0.7254172861622203	3
25.63847415302421	-4.43614841028264	3
22.931428944442484	0.4272813909586927	3
24.675365054773334	-0.17581244689490208	3
23.93164754182496	0.5231401526471319	3
24.926873662943624	0.3528122492114773	3
25.31211151544221	-2.8505005691289464	3
24.855388788356883	2.1881555836907416	3
26.381631453410105	-1.287605985020591	3
26.754154953065278	-0.37474528215125846	3
24.12686084157155	-3.0153373519671165	3
22.75045933397136	-0.9440922333912636	3
26.456286252948146	0.5075491443060833	3
21.338207935976754	0.4023750640344592	3
25.073213627682314	-0.2994941600413338	3
23.163822488250982	-0.5729825207677708	3
28.99552062653921	-3.5925146373942436	3
23.4888859905308	-0.6560795091240776	3
28.38686563437388	-2.577405445519894	3
24.444078956002297	-0.9300295629765204	3
26.565980774569184	3.585429118722333	3
24.942771085023647	3.8091925619516007	3
23.885877353822266	-0.4646353612861869	3
23.808392284722498	-1.3223016618544232	3
25.05920915505624	1.228643852372326	3
23.787406623319733	-0.08013455085571536	3
24.747732774137894	3.610757595677135	3
24.823134948428045	1.6322763387452797	3
25.585358060666973	2.0765204271577367	3
26.029303144100684	-2.5129974538135245	3
23.642687163511628	-0.5210711501122787	3
24.837284360712207	0.03084701522092355	3
24.18797183734823	-1.6830081640826784	3
23.768134280887494	0.8627987060669077	3
24.982167021053055	0.0183982397920998	3
24.277915140635958	0.4251007599459775	3
22.868461352648797	-3.1497995036576327	3
24.2062362656279	-0.11968797228854572	3
24.58136728686256	-0.2915916540639087	3
22.967224002422824	1.551034733052818	3
24.201573379209307	0.034161958149677776	3
25.593320002049765	0.22729888829957706	3
27.120022484618904	0.32853210204473554	3
25.797904439855724	1.6767554495488846	3
24.41511825602234	1.500948065449033	3
23.123002551817343	3.1097938970388683	3
23.980100759116432	-0.6356349029260763	3
27.45244674297353	2.350974031840456	3
22.212230083505233	-2.085188406579705	3
23.629521106825266	-2.4665398394748603	3
25.7899868437587	-0.18576630245498646	3
24.901397756646965	-0.17168844206587952	3
22.8067840279311	1.3850446765053652	3
26.312514875618277	2.175917666687175	3
24.668954118137645	1.4082862593292518	3
25.564506570391007	-0.2444390776726539	3
25.363828440193807	-1.6267818377756305	3
23.9210677429482	0.050928893238961895	3
23.42318281970536	-2.354936011941739	3
25.84630978946653	0.39383646189575067	3
27.39052651705217	-0.3282532220252814	3
25.20305934832579	0.6431829815115226	3
24.61276827220765	2.429217872569129	3
25.925634396366206	0.5594471311890784	3
26.234249517882954	1.6471021260524275	3
27.98809433668251	1.4496714532406165	3
24.165472515210602	-1.8954985446584833	3
23.947318251941127	1.5502122217008814	3
25.119338250469685	-1.7233585110463918	3
24.399764613341947	-1.9619139068528306	3
25.082519908431824	1.3876426060934846	3
23.05129838145096	-0.4879418205670727	3
26.49878794165641	2.259724329659909	3
25.86929902622003	0.7024687322752681	3
23.15010810908494	1.2499169627359894	3
23.35210354670564	-0.5599093833425676	3
25.360930661710086	2.222632505084684	3
25.016800033153313	2.8573927902493366	3
25.44096107837449	2.296079018862647	3
24.367633627753033	-1.8550728262398608	3
27.959345994687418	-0.3426666499201348	3
26.16654489948406	0.20637265721185707	3
23.720924160731045	0.38526001558710155	3
24.37217760296058	-4.873828887679883	3
27.346525944918685	1.3640831031379712	3
23.732341341110168	-0.8505694528183279	3
23.389069196321625	2.6905227460277246	3
25.731864969953584	-1.5433792219739655	3
23.964509709043583	0.755595440140558	3
23.539484439289346	1.7872260609533648	3
24.182711779889804	-1.8890114945958594	3
23.17631607131716	1.2559320339848004	3
25.44787935846918	-0.1570406234287327	3
21.64863508607017	0.19795506277361052	3
24.25824644056625	0.7703703580375395	3
25.081526843218064	-2.870766834383554	3
21.391097232956497	-1.6360109498169657	3
24.770272781253887	-0.6112407183206138	3
23.95633024010397	-0.8339028996817774	3
23.90032154054934	-0.18795927426897838	3
24.282935419710867	-1.038940684368621	3
26.890205762061257	-1.0110460128082677	3
26.843730503652992	1.727389747258914	3
22.909557037223493	2.6530090873891012	3
26.37267827886774	1.8257629866521174	3
23.13576025474663	1.4413223791266994	3
22.051088719749362	-0.7647584064647788	3
25.013804638268123	0.8432067335274556	3
26.7604549411526	2.076835155721954	3
23.531192368289528	0.4039946033229959	3
27.242151730067135	-0.656610869852593	3
24.505416888365264	-0.37354665846990837	3
25.837242656850805	-0.274474129955597	3
24.89081343148059	2.741348354638987	3
28.81303163978231	1.5111671791846621	3
25.22712506131325	-0.5109254674321523	3
25.04896291894163	-0.11142652551509694	3
24.297296765116563	0.2901414867485141	3
24.88053123479816	0.4139463043675937	3
25.063626775338392	-2.507191537378564	3
24.35491688484291	1.955912112611884	3
25.833703802324415	-0.9212607517009058	3
23.899459822354107	-1.942523844950593	3
25.283881827606006	-0.6428494979332191	3
26.84669444879043	0.27600706638858546	3
26.34661002251782	-0.3991337282575182	3
25.83822563813473	0.14147533927145825	3
22.661227698781747	-1.093503626861891	3
25.65026478988193	-0.3090827224797439	3
24.11310459748592	-0.7530202530476663	3
24.433609741994427	-2.19992206946883	3
23.164050156142235	-0.7005120715910945	3
26.303231715980587	0.09428094269060794	3
23.622038903912475	3.056103924958454	3
25.072214424691218	3.743399689632093	3
25.184236597024146	-0.6066361006078764	3
26.505468183320183	0.648326528516621	3
25.507457002068303	0.8320649833133885	3
26.38309791817521	-1.1874640326503072	3
22.534724776888602	0.10121919072053075	3
26.520141468040944	-0.24217153327631663	3
24.406873594847273	-1.5129852728900663	3
27.12233862778511	-1.5433702787300225	3
24.38419230530996	0.15096254290731842	3
24.40930905929209	-0.38300668412148225	3
23.637233284394256	2.9163577602047352	3
24.55770744797466	-0.41532317093446314	3
24.53306021960342	-1.2183875388985974	3
27.98809278423995	-1.5636446078022577	3
26.968465089164354	1.923807758055058	3
25.318880315034345	-0.08096566553866544	3
24.042153700923222	-1.7854351775366313	3
24.502582125282444	0.15584026603005346	3
27.25787530222338	1.2572861229298762	3
24.643830910482688	-1.4609267488668742	3
25.570186235479042	1.1305170691071171	3
24.648734354670058	-1.7344585930750953	3
26.537109437537055	2.1265005544634916	3
27.637015891532094	0.26276440877973434	3
23.77736972174969	-2.3004663580825255	3
24.04429428965542	-0.3806747675776112	3
26.208633113061342	1.3878518581678687	3
24.443340561078156	0.2501583505663681	3
25.811582321775383	-0.18596752061943855	3
24.089100714447703	0.4318469679052182	3
25.769784202222137	4.4149681824345315	3
27.772353899070612	1.0952017709747046	3
23.60672456130899	-0.9261594636230648	3
23.995059904573473	-0.7696433895372604	3
26.75945535341938	1.0484219691561565	3
26.40133241853973	-0.18417194957956276	3
24.30375431724538	2.958821965566947	3
24.42144115074941	1.703336217804563	3
26.498237669683935	-0.8410249489631035	3
24.249817299253127	-3.522306056800893	3
23.970210555467375	-3.557445043559083	3
25.979083508369854	-2.146394760932868	3
27.548433207067973	-0.41371621068283404	3
25.493329993534953	-2.2049335473025233	3
22.72150254562795	-0.7893118133795105	3
24.55892714470311	-1.1355647453550213	3
24.294523788331855	-0.44856879229521457	3
22.51931304786643	0.6677101136509368	3
23.839044194458264	-2.213382328632089	3
25.454847473291544	2.78827004904901	3
23.92406328355848	-0.5752850584648661	3
24.972767337821693	0.606642776888131	3
23.470487999211556	-0.5535708411190183	3
23.692011043814038	-2.242155668862897	3
26.519073291081217	0.14008198621630544	3
21.793254855201734	0.6030024333614284	3
26.80261747537041	-1.7278904133814774	3
25.383332415770226	-0.5916818660860852	3
20.867525387248087	-1.8463205818432151	3
25.230469713857406	2.32683761114076	3
23.931659647087105	2.6910747841170206	3
25.519791385273898	1.5953887692668154	3
21.886875066937666	-1.460453590616467	3
22.824350839193897	-0.06624129849274789	3
24.652880688101362	0.7126292014316757	3
27.057574411328467	-2.4111974371428353	3
25.56761230898115	0.9870184870292461	3
22.7249282053753	3.1967297276000077	3
25.033699234147303	0.1591271312491388	3
25.763037390275557	0.23751933020812493	3
26.64870122786497	-3.275717780892739	3
24.3608815531794	0.59208942055603	3
26.066212931251062	-0.7371516598216853	3
25.10642755581307	0.48395503638365023	3
26.805750503223308	0.7936015141503395	3
22.922101244539057	2.0417205536099003	3
24.78739107586087	-0.47646540704276535	3
25.079191970640146	0.7901388420495302	3
25.47718107872969	2.1222174346992486	3
26.390341579034875	0.44299504935380485	3
25.602280849849006	-1.7590412649347114	3
26.43241643662389	2.199942506228784	3
23.11579366002779	-1.8243140814959387	3
23.52941848820809	0.3084061585043459	3
26.21766036023519	0.19468002638852547	3
23.347771036972592	-0.6987973399328119	3
24.038947907747538	2.4835890880776974	3
23.345211453144856	1.0905512292506032	3
26.22666109063214	0.5700685079556623	3
24.816359480366724	0.494001986938581	3
26.498313161329786	-0.05615228299147262	3
22.391682644854328	0.7404516088412387	3
20.745324419205215	0.9701112389750093	3
26.119008773740507	-1.6979556599134549	3
24.38456732297197	-0.7101377490483165	3
27.024124540942026	0.33839522037100483	3
26.90084766776368	0.5071081790797595	3
26.19550133472741	-1.902311928325978	3
25.71018117239268	0.533878923798827	3
23.446232687288823	0.5037075272253181	3
26.30027846737447	0.9396150070397216	3
25.439226172358303	-1.4254641327928448	3
25.643746625884077	-1.0956961455045011	3
23.371132999540215	-0.12456760950536122	3
25.705652651637042	0.28606858517308775	3
23.774876488835062	0.8892591425325969	3
24.04589753847919	-0.08410767403127406	3
24.976227674632476	1.314249499239698	3
24.416490328973303	0.2507261684357824	3
23.567253502090118	0.6190439965748192	3
27.27677359442577	0.6337385359304963	3
27.39117527118619	-3.3119760400216522	3
26.082337171778597	-0.6112143289245124	3
22.865186445755594	-2.1547480092760884	3
25.5280561832165	3.561510930781214	3
27.38120351007296	3.033422681648933	3
26.515603148437997	-0.24801614894533472	3
25.360973847153765	0.7195393603711882	3
24.932525677935075	-0.4590195078238522	3
21.75090485154961	3.303188578174911	3
23.98508465011046	-0.5803858655794211	3
23.888691424429815	-0.23941526452427322	3
26.959792902709857	0.10376977014972188	3
23.03930316987173	1.3509807622424754	3
25.019571173822108	2.510815383257447	3
24.443261030526646	-2.1654221730363417	3
25.575207039313618	-0.2313069070939775	3
22.310050855208907	-1.42235417295272	3
28.12945969320111	0.6241493163006824	3
26.725115685942782	-4.094695466150554	3
23.949658120045548	-4.535287208439524	3
28.218010690341018	-0.07135268232937124	3
26.209184462231267	-0.862612218804784	3
23.48901041468113	0.38096503653169944	3
25.922545306583906	-0.3332780089247918	3
23.91515874949688	2.076553265041758	3
21.217321892574112	0.0325346907283892	3
26.65505581837043	-1.593940224593706	3
23.710997587937012	-1.7892990789146115	3
21.877113437629436	-1.0558267675671968	3
22.99552742392012	1.2439845693310563	3
22.29883195556571	-0.17994557209528436	3
24.25304712631558	-2.267049781002015	3
23.714973780253395	-0.7429403062967866	3
24.786077504530496	1.7243900895620206	3
26.886047313855443	-0.28787973729976146	3
24.171969531983354	-1.5661277749740319	3
25.01655890330608	1.1520540149466445	3
24.203148078892312	3.0872512861071773	3
26.488653593777787	-0.2805062437232319	3
25.34156807825627	-1.933717845973154	3
25.682013969244963	1.083052856048393	3
23.32231525589265	-2.2720286994863605	3
26.646296788151766	-0.11565921209600785	3
23.511749595961085	-0.28574254733972665	3
26.156960789980477	0.03937940039665859	3
24.641185705197376	-0.48359956872811205	3
25.351215289268872	0.6289006943681467	3
22.952497322873217	-0.9366899268444362	3
23.463192989386965	-1.2689877803322747	3
25.387388737576195	-1.4219524117658093	3
23.833528545928488	0.3144918411660559	3
25.58807183363563	0.30449849215030356	3
23.57954280379182	-3.1692743491582833	3
25.726051060217095	-2.9275846576072504	3
25.943807713175232	-0.5821740959532639	3
23.98264627459379	1.0822932719143996	3
24.862510772845418	0.3108687008732347	3
27.38296953931917	0.834085997241142	3
27.822483753548262	0.6402515333875574	3
23.113347310979698	2.0822849146636173	3
24.2479473876786	-0.34677035292086184	3
23.816699205773897	2.4688233526507775	3
29.151079340429042	-0.6464516701614995	3
26.823041095269282	-1.9757213125658444	3
23.327594614164873	1.9378324634923214	3
24.823216951894516	-2.6571196989908215	3
25.74586628165445	-0.5923879051269487	3
27.782196283927217	1.5910310261047984	3
25.745059903568738	-2.457989898043558	3
24.89235902572323	-2.109433391431575	3
24.505579249524605	-2.681606090127963	3
22.84331932379341	-1.2185174212104943	3
25.358149701300658	0.5273967714043809	3
24.195493278971938	3.859925887269998	3
22.387784758024807	-2.5084283588935268	3
24.810937527794287	-1.0882851263949607	3
25.61237188801963	-0.05478764885112619	3
23.905582563620452	2.6552812739037956	3
23.872125835988086	1.087959750792164	3
23.507537533589698	1.9893110151282478	3
27.807977845987295	-0.2127814756953472	3
25.562848177090174	0.6067768536569389	3
24.273913534316797	0.6452232642611949	3
23.312594457623977	1.31239653971949	3
22.26996769499998	3.1212406323708635	3
25.293342718812163	2.673508852462172	3
24.147675532832714	1.7451995750952003	3
26.151973968229065	-1.7646499407285916	3
26.618947892790704	-1.0527216716178698	3
27.42132493211713	0.8850113027321345	3
23.698965948728873	-2.762052163730683	3
26.23720476384416	-1.8942090243093084	3
25.37571444151797	3.41144545691271	3
