0.15395092479752154	4.709126865080247	1
-0.24509672845521208	4.821816983400894	1
-0.2866965555233664	5.060494379547956	1
-0.5450871037660336	5.16887259528031	1
-0.4606819328347682	4.8620900444499595	1
-0.1099823164948821	4.96972855834046	1
-0.6412540381250025	5.390155079046358	1
-0.3729387088783371	5.031340771054473	1
-0.2922738896319624	4.668656979535609	1
0.006555842871691531	5.293871753980057	1
-0.1620363670930423	5.260369245913	1
-0.5314710518381707	4.937541549774862	1
-0.32718994013566416	5.227378272520539	1
-0.4539832148890633	5.107849838258363	1
0.16078333953678842	4.78799683545569	1
-0.6396211638864508	5.077456095079013	1
-0.5141505243021085	5.210890345386227	1
-0.4304587199870038	4.895762137539778	1
-0.31969050488508644	4.867304342727579	1
-0.08629812013679816	4.909322839229723	1
-0.28045500645702887	5.116590735950659	1
-0.11054960644525039	4.9689979813818335	1
0.073511792085314	5.181208931655077	1
-0.3618025938094244	4.6647992387340045	1
-0.24273126222154406	5.12176876689509	1
-0.38703071034432746	5.3698527456958685	1
-0.44791259927826266	5.3086029190813475	1
-0.19534466789364924	4.96569073375555	1
-0.4626292564088908	4.654743479533664	1
-0.274617581459276	5.08039787268894	1
-0.5982515185411211	5.0878783402529075	1
0.17662895497278847	5.1888958973980825	1
-0.5377718515568057	4.898636729140263	1
0.07663013941125091	4.73044818777151	1
-0.24401508019135235	4.980369922071408	1
-0.1284152151415327	5.2282203733315145	1
-0.6165876794670164	5.122075875821441	1
-0.45282878478128863	4.7124417052396845	1
-0.3583674725495726	4.847701557637675	1
-0.47909331223873514	5.077380499571852	1
-0.4021610275137746	4.763873563175517	1
-0.534624681022832	5.388724237129859	1
-0.3806353893946359	5.2444890140764855	1
-0.4192628076901016	4.989486540746091	1
-0.36217723433969434	5.019480033253757	1
-0.3048652248797871	4.852393818158863	1
-0.1505623331590736	4.762211008959253	1
-0.2147482538443798	5.135381607006049	1
-0.3623105064254745	5.011233068445949	1
-0.12863387761946174	4.8697948813399705	1
-0.48888925118365006	4.9179900613594905	1
-0.6227795695115903	4.9574519439572065	1
-0.7061368935562988	5.412898572271864	1
-0.25834500438462793	5.195327807296742	1
-0.06953368704337598	5.215923718407364	1
0.15186179013817047	4.991548569667872	1
-0.3535467073787933	4.774397733705999	1
-0.30313642232051097	5.032185633659645	1
-0.002349561240880038	5.379177835206117	1
-0.46267285184084056	4.706715134439497	1
-0.4384099695568782	5.30727541084916	1
-0.3959311628015895	5.124071659668703	1
-0.5312364863643826	5.1562396203419985	1
-0.4348665321314752	5.00636611165487	1
-0.17133710698741442	4.685875318273309	1
-0.20686751205390802	4.692751262744555	1
-0.2247148937688741	4.780119841883161	1
-0.4451194756927168	4.723327208920989	1
-0.5097105930134185	4.715996412564205	1
-0.16030857017853278	5.000754177817254	1
-0.11363032517713925	5.067992996760252	1
-0.3927191949292188	5.096296294754692	1
-0.14273440757820474	4.906716180652811	1
-0.1612453694619735	4.9680853123707465	1
-0.22019073087197394	4.44548144871467	1
-0.42686441873619274	4.927451766802572	1
-0.7511128458804379	4.79549863127288	1
-0.2207986574676709	4.781387698253899	1
-0.0011841853684787518	4.95896834724684	1
-0.37746536348159043	4.939539449884933	1
-0.4439208777103586	4.837401402289185	1
-0.38272379615194946	4.8505090377118485	1
-0.1846818366770118	4.958340248884401	1
-0.1865419444294661	4.955464979896969	1
-0.5613053703470633	5.331626135923638	1
-0.30843429025811575	4.942622561522018	1
-0.1541818875644926	5.025796582151482	1
-0.1101158386148478	5.017510248277039	1
0.08458840529607697	5.296102958286885	1
-0.4814596728766484	5.010389079159228	1
-0.16672338359361713	4.9078560425222895	1
0.132647189856138	5.267305589887278	1
-0.4911890000985554	4.930803644860123	1
-0.506848568356893	5.136318903656325	1
-0.12711276022809884	4.851566995918712	1
-0.2439116589367408	4.801375277814084	1
-0.30563644566773096	5.085666374106084	1
-0.6872559611693014	5.037755719358766	1
-0.4344920895551902	4.928089367691892	1
-0.1456418897572665	5.1647008307927464	1
-0.4019304363503307	4.912385139677763	1
-0.21122735345091487	5.066734865474853	1
-0.42872368056657806	4.555319369555114	1
-0.5505590720099852	5.155498071166382	1
-0.44094005517124674	5.188652144993899	1
-0.2666653009254942	5.127006287378421	1
-0.5253651617513487	4.853864449427035	1
0.09118246165013888	5.078018664537585	1
-0.32064377035871156	5.082119700387675	1
-0.3706863497514398	4.676705162269793	1
-0.07467281557869859	4.784013698327315	1
-0.1316737471852727	4.95010828396781	1
-0.43680217954744327	5.3319101592379745	1
-0.33153340323276315	5.451344699459642	1
-0.3034040827722881	5.075830347111016	1
-0.1842957004542243	5.069930891398635	1
-0.3536006741902761	5.160491279159279	1
-0.3695824298652305	5.031269793820796	1
-0.3267403119336878	5.215548761195253	1
-0.32657611551739113	4.940441824119654	1
-0.42561751192831576	4.903794576307843	1
-0.4722451370109405	5.382012990619807	1
-0.08006808082257735	5.13105274614452	1
-0.43756752220573647	4.757184519381176	1
-0.06239404152953962	5.06338852238497	1
-0.48256444508883173	5.223403257619171	1
-0.608159402888925	5.012652398840066	1
-0.4775571495260226	4.603840706355214	1
-0.42716921567577615	5.1352866589893	1
-0.2403523651587888	5.2652771793374065	1
-0.5631814821023042	4.907683079037058	1
0.05281046919353283	5.0800314416734444	1
-0.39960649013846095	5.385906410763397	1
-0.43048171647740396	4.92180932496248	1
-0.3123252804191295	4.978538944741765	1
-0.27119128576782436	5.290854701392595	1
-0.16169224978596267	5.138949828731201	1
-0.500043069477913	4.691045780644478	1
-0.07211986309133983	4.753034835929269	1
-0.5668516942805507	4.730656498840489	1
-0.3707987822506968	4.725009741316396	1
-0.1655410485975129	5.081492367248222	1
-0.5208766678856901	5.010433015852195	1
0.02962698644151196	5.032845551097467	1
-0.2012516445301623	4.976779212193127	1
-0.6511781166875439	5.090186892361183	1
-0.2645147715492494	4.9196438127583475	1
-0.3078565636454991	4.76638130045176	1
-0.5585713819446897	5.053410173869836	1
-0.2686986924069249	5.046436207240055	1
-0.17718412593078392	5.184441334313306	1
-0.21953167176449018	4.863037981811937	1
-0.5090506732293909	5.24222905793654	1
-0.38818452645851825	4.9439289009630984	1
-0.5330299681566713	5.180165297390838	1
-0.2978999958558359	5.357174098781167	1
-0.3738363675884887	4.952124164484815	1
-0.2901010036699818	5.098767355256191	1
-0.11796421838148158	5.06344364303826	1
-0.17495370979456248	4.67958846887865	1
-0.2908482965397108	4.962563229994833	1
-0.39110650070346864	5.003495831805012	1
-0.05394186385445582	5.240475969756882	1
-0.4274874051104458	4.92054563713424	1
-0.37988980585257504	5.074011177569504	1
-0.8318344475993482	5.121263904871876	1
-0.2287267205651196	5.141314633638389	1
-0.02709363037950574	4.862110163090012	1
-0.4389135719462731	4.970073091934466	1
-0.5294937304822205	4.9124359910511135	1
-0.06424408576806984	4.96401503283753	1
-0.40857229520334354	5.083210009252285	1
-0.49710214753683013	4.705632998507283	1
-0.5848121817965063	4.901336023327561	1
-0.2373864596698197	4.829180852139655	1
-0.3769759618362551	5.018870317863414	1
-0.44895096440968796	4.834712292268197	1
0.07351159802999352	4.8045444240247175	1
-0.5540969996971468	5.193879341631602	1
-0.6686139100313298	4.904405199191903	1
-0.3381306987162799	4.92103009719331	1
-0.27160936733584407	4.936134316570981	1
-0.11582823524383618	5.063745530588604	1
-0.41946321379307255	4.952415654052799	1
-0.31364832106492624	5.342668544329873	1
-0.14534940451948003	4.763223871961337	1
-0.17197369478048158	4.676608791137833	1
-0.34138073523279433	5.1760357824161565	1
-0.19578702470944825	4.884842406037387	1
-0.14779245497060128	5.024335003298566	1
-0.8105979631668156	5.130723719088072	1
-0.10425240317885215	5.448178639840291	1
-0.4741594298363764	4.884230067047117	1
-0.19522179523315886	5.017684417408932	1
-0.006684256885164441	5.1705103878922465	1
-0.32363280902571395	4.86396435920063	1
-0.6260396693932089	5.092556451105155	1
-0.001103091101726239	4.586002994997293	1
-0.2690105148606167	5.075632503920435	1
-0.32210813144649453	5.20403454234316	1
1.4539509247975215	4.709126865080247	5
1.054903271544788	4.821816983400894	5
1.0133034444766336	5.060494379547956	5
0.7549128962339664	5.16887259528031	5
0.8393180671652318	4.8620900444499595	5
1.190017683505118	4.96972855834046	5
0.6587459618749975	5.390155079046358	5
0.9270612911216629	5.031340771054473	5
1.0077261103680377	4.668656979535609	5
1.3065558428716915	5.293871753980057	5
1.1379636329069576	5.260369245913	5
0.7685289481618293	4.937541549774862	5
0.9728100598643359	5.227378272520539	5
0.8460167851109367	5.107849838258363	5
1.4607833395367884	4.78799683545569	5
0.6603788361135491	5.077456095079013	5
0.7858494756978915	5.210890345386227	5
0.8695412800129961	4.895762137539778	5
0.9803094951149135	4.867304342727579	5
1.2137018798632018	4.909322839229723	5
1.0195449935429712	5.116590735950659	5
1.1894503935547496	4.9689979813818335	5
1.373511792085314	5.181208931655077	5
0.9381974061905756	4.6647992387340045	5
1.057268737778456	5.12176876689509	5
0.9129692896556725	5.3698527456958685	5
0.8520874007217374	5.3086029190813475	5
1.1046553321063508	4.96569073375555	5
0.8373707435911092	4.654743479533664	5
1.0253824185407239	5.08039787268894	5
0.7017484814588788	5.0878783402529075	5
1.4766289549727885	5.1888958973980825	5
0.7622281484431942	4.898636729140263	5
1.376630139411251	4.73044818777151	5
1.0559849198086477	4.980369922071408	5
1.1715847848584673	5.2282203733315145	5
0.6834123205329836	5.122075875821441	5
0.8471712152187114	4.7124417052396845	5
0.9416325274504275	4.847701557637675	5
0.8209066877612649	5.077380499571852	5
0.8978389724862254	4.763873563175517	5
0.765375318977168	5.388724237129859	5
0.9193646106053641	5.2444890140764855	5
0.8807371923098983	4.989486540746091	5
0.9378227656603056	5.019480033253757	5
0.9951347751202129	4.852393818158863	5
1.1494376668409263	4.762211008959253	5
1.0852517461556201	5.135381607006049	5
0.9376894935745255	5.011233068445949	5
1.1713661223805383	4.8697948813399705	5
0.8111107488163499	4.9179900613594905	5
0.6772204304884097	4.9574519439572065	5
0.5938631064437011	5.412898572271864	5
1.041654995615372	5.195327807296742	5
1.230466312956624	5.215923718407364	5
1.4518617901381705	4.991548569667872	5
0.9464532926212067	4.774397733705999	5
0.9968635776794891	5.032185633659645	5
1.29765043875912	5.379177835206117	5
0.8373271481591594	4.706715134439497	5
0.8615900304431218	5.30727541084916	5
0.9040688371984105	5.124071659668703	5
0.7687635136356175	5.1562396203419985	5
0.8651334678685247	5.00636611165487	5
1.1286628930125855	4.685875318273309	5
1.093132487946092	4.692751262744555	5
1.075285106231126	4.780119841883161	5
0.8548805243072831	4.723327208920989	5
0.7902894069865815	4.715996412564205	5
1.1396914298214673	5.000754177817254	5
1.1863696748228607	5.067992996760252	5
0.9072808050707811	5.096296294754692	5
1.1572655924217952	4.906716180652811	5
1.1387546305380265	4.9680853123707465	5
1.079809269128026	4.44548144871467	5
0.8731355812638073	4.927451766802572	5
0.5488871541195621	4.79549863127288	5
1.079201342532329	4.781387698253899	5
1.2988158146315212	4.95896834724684	5
0.9225346365184095	4.939539449884933	5
0.8560791222896414	4.837401402289185	5
0.9172762038480505	4.8505090377118485	5
1.1153181633229883	4.958340248884401	5
1.1134580555705338	4.955464979896969	5
0.7386946296529366	5.331626135923638	5
0.9915657097418842	4.942622561522018	5
1.1458181124355074	5.025796582151482	5
1.189884161385152	5.017510248277039	5
1.384588405296077	5.296102958286885	5
0.8185403271233516	5.010389079159228	5
1.1332766164063828	4.9078560425222895	5
1.432647189856138	5.267305589887278	5
0.8088109999014446	4.930803644860123	5
0.7931514316431071	5.136318903656325	5
1.1728872397719012	4.851566995918712	5
1.056088341063259	4.801375277814084	5
0.994363554332269	5.085666374106084	5
0.6127440388306986	5.037755719358766	5
0.8655079104448098	4.928089367691892	5
1.1543581102427334	5.1647008307927464	5
0.8980695636496693	4.912385139677763	5
1.0887726465490852	5.066734865474853	5
0.8712763194334219	4.555319369555114	5
0.7494409279900147	5.155498071166382	5
0.8590599448287533	5.188652144993899	5
1.0333346990745058	5.127006287378421	5
0.7746348382486513	4.853864449427035	5
1.391182461650139	5.078018664537585	5
0.9793562296412884	5.082119700387675	5
0.9293136502485602	4.676705162269793	5
1.2253271844213014	4.784013698327315	5
1.1683262528147274	4.95010828396781	5
0.8631978204525567	5.3319101592379745	5
0.9684665967672368	5.451344699459642	5
0.9965959172277119	5.075830347111016	5
1.1157042995457758	5.069930891398635	5
0.946399325809724	5.160491279159279	5
0.9304175701347694	5.031269793820796	5
0.9732596880663121	5.215548761195253	5
0.9734238844826089	4.940441824119654	5
0.8743824880716842	4.903794576307843	5
0.8277548629890594	5.382012990619807	5
1.2199319191774227	5.13105274614452	5
0.8624324777942636	4.757184519381176	5
1.2376059584704604	5.06338852238497	5
0.8174355549111683	5.223403257619171	5
0.691840597111075	5.012652398840066	5
0.8224428504739775	4.603840706355214	5
0.8728307843242238	5.1352866589893	5
1.0596476348412112	5.2652771793374065	5
0.7368185178976958	4.907683079037058	5
1.3528104691935328	5.0800314416734444	5
0.900393509861539	5.385906410763397	5
0.869518283522596	4.92180932496248	5
0.9876747195808705	4.978538944741765	5
1.0288087142321756	5.290854701392595	5
1.1383077502140373	5.138949828731201	5
0.799956930522087	4.691045780644478	5
1.2278801369086603	4.753034835929269	5
0.7331483057194492	4.730656498840489	5
0.9292012177493032	4.725009741316396	5
1.134458951402487	5.081492367248222	5
0.7791233321143098	5.010433015852195	5
1.329626986441512	5.032845551097467	5
1.0987483554698376	4.976779212193127	5
0.6488218833124562	5.090186892361183	5
1.0354852284507505	4.9196438127583475	5
0.9921434363545009	4.76638130045176	5
0.7414286180553102	5.053410173869836	5
1.031301307593075	5.046436207240055	5
1.122815874069216	5.184441334313306	5
1.0804683282355099	4.863037981811937	5
0.790949326770609	5.24222905793654	5
0.9118154735414817	4.9439289009630984	5
0.7669700318433287	5.180165297390838	5
1.0021000041441641	5.357174098781167	5
0.9261636324115112	4.952124164484815	5
1.0098989963300182	5.098767355256191	5
1.1820357816185183	5.06344364303826	5
1.1250462902054374	4.67958846887865	5
1.0091517034602893	4.962563229994833	5
0.9088934992965314	5.003495831805012	5
1.2460581361455443	5.240475969756882	5
0.8725125948895542	4.92054563713424	5
0.920110194147425	5.074011177569504	5
0.46816555240065183	5.121263904871876	5
1.0712732794348803	5.141314633638389	5
1.2729063696204943	4.862110163090012	5
0.8610864280537269	4.970073091934466	5
0.7705062695177796	4.9124359910511135	5
1.23575591423193	4.96401503283753	5
0.8914277047966565	5.083210009252285	5
0.8028978524631698	4.705632998507283	5
0.7151878182034936	4.901336023327561	5
1.0626135403301802	4.829180852139655	5
0.9230240381637449	5.018870317863414	5
0.851049035590312	4.834712292268197	5
1.3735115980299935	4.8045444240247175	5
0.7459030003028533	5.193879341631602	5
0.6313860899686703	4.904405199191903	5
0.9618693012837202	4.92103009719331	5
1.0283906326641559	4.936134316570981	5
1.1841717647561638	5.063745530588604	5
0.8805367862069274	4.952415654052799	5
0.9863516789350738	5.342668544329873	5
1.15465059548052	4.763223871961337	5
1.1280263052195183	4.676608791137833	5
0.9586192647672056	5.1760357824161565	5
1.1042129752905516	4.884842406037387	5
1.1522075450293987	5.024335003298566	5
0.4894020368331843	5.130723719088072	5
1.195747596821148	5.448178639840291	5
0.8258405701636237	4.884230067047117	5
1.104778204766841	5.017684417408932	5
1.2933157431148357	5.1705103878922465	5
0.976367190974286	4.86396435920063	5
0.6739603306067911	5.092556451105155	5
1.2988969088982738	4.586002994997293	5
1.0309894851393833	5.075632503920435	5
0.9778918685535055	5.20403454234316	5
4.806336591296024	4.848848624712332	2
5.56970034227165	4.382587089823174	2
4.490979062356318	4.961072622029574	2
5.766389607179229	5.734679384950143	2
3.67041388100163	5.30315976217969	2
5.30703968517304	5.461103335783263	2
5.747039536578803	4.897420868117099	2
4.5933178703978985	4.266787836098743	2
5.231565164659304	5.139547882196227	2
5.260532438226379	4.712106015093467	2
4.522027499753611	4.827009112150307	2
5.072021785580439	5.727136753481488	2
4.715343973264908	5.134952177470381	2
4.67379570880649	4.804523312406199	2
4.957034616514194	5.097146469022886	2
4.569387157472649	5.955032476549517	2
4.031860097076747	5.094389298396914	2
4.150947090283873	5.193640237697531	2
4.800275485368562	5.185027943923759	2
4.977148019669882	5.110253827878586	2
4.7824232241391815	5.924631864239671	2
4.193051076221025	4.893629859893015	2
4.748591649678731	6.206226839771874	2
4.640197805724103	4.593503505722961	2
5.589389785579826	4.910037582093825	2
4.41343829744292	5.971810592824646	2
4.701341965517319	4.881039135131997	2
5.07097658166039	4.840335791427452	2
5.149119087103028	5.663192948343515	2
4.97891427435471	4.856556403805047	2
5.13725817886197	4.554542458502236	2
4.744597431215563	4.409683907938794	2
5.410792856024898	5.002646323149681	2
4.652716070134317	4.925182729836164	2
4.637201310768208	4.308318022302473	2
5.882026172983832	5.200078604183612	2
5.3866264887013	4.408059679903341	2
5.156533850825451	4.572952130349138	2
4.507244631157925	4.264082496268206	2
4.741240478744798	4.510585070320615	2
5.4072599112439335	5.029462794590815	2
4.477373316926522	5.6055726448413505	2
5.10413748903843	5.488319518241856	2
5.1980033563308226	4.453469245634747	2
6.129654475345426	4.978871424169679	2
4.373602319975037	5.388745177915955	2
4.663769776112025	4.8202234192297295	2
5.201170820588774	4.657594954529843	2
5.564297032257285	5.248000473171981	2
4.817653227804158	5.078351927636182	2
4.436587095621628	4.634661123567588	2
4.519747809183426	4.603441318646164	2
5.0052500103604105	5.892935246952917	2
5.169452062607972	6.0105217807423985	2
4.844223733936314	5.0280826711148725	2
5.594014896176151	5.158471305962425	2
5.364545281088769	5.064491455378706	2
5.428415305951345	4.674487203349926	2
5.7441260968978	5.947944588015291	2
5.088713071126876	4.799109531895869	2
4.793190509620127	4.626272594279621	2
4.3420462947442395	4.769207697592646	2
4.896548161918014	5.440089456040391	2
5.9614710132401925	5.7402573957172125	2
5.82406746610378	5.082113877743667	2
4.969186798952176	4.9463473618544125	2
4.546350817808379	5.025972697898069	2
4.6812814872238855	4.801364092835601	2
4.766577226973618	4.29154694343687	2
5.024747490825045	5.246918388140478	2
4.934946522903148	5.046976614692785	2
5.143171844446139	5.304421917237725	2
4.826043925336924	5.07817448455199	2
5.178183198587201	5.353286584095974	2
4.662833669671312	5.015915279137175	2
5.23283121986523	4.231878156861388	2
5.659568438150788	4.558790590725041	2
4.678190798583555	3.888298423887787	2
5.06345604635181	5.200994681722351	2
4.862164732719721	4.645136017076556	2
4.0784652249216755	4.761012997979757	2
4.948390574103221	5.205299250969186	2
4.779538683853704	4.859822252407746	2
5.550142169110186	5.649010986163111	2
4.965879197337684	5.856671360824683	2
5.344909082267394	5.650923114782499	2
4.482878579107767	5.340797259140814	2
4.464623689244728	5.527225863465568	2
4.866133231553016	4.435994334264997	2
4.7804052390989265	5.09066921460891	2
4.475723517466454	4.289991031410512	2
5.312615725513593	4.198971172196626	2
4.346736574132342	5.829065339809094	2
5.615145340363861	5.601189924392205	2
5.022879258650723	4.906408074987083	2
5.4379163807936655	4.942446265756387	2
6.081617974640345	5.6682639747181955	2
5.759997430382886	5.859794653708097	2
4.844556914150764	5.048700083134392	2
5.321657232531464	4.214688295683274	2
4.985908885830672	5.214165935265209	2
5.083336747686264	5.317515718446053	2
5.333191541015957	4.769640106305723	2
5.139962299521619	4.950924805178521	2
5.3457693755350935	5.347374571828003	2
4.745173909124174	4.780962849194407	2
4.86599831452431	5.401228197898198	2
4.99148979306928	5.189575867777541	2
5.682265924051236	4.655275407725031	2
4.527776872040874	4.794975153398726	2
4.980358590886252	4.415953251129402	2
5.9415753485281275	4.326120469428777	2
4.944729671383763	5.5100863558579	2
4.545618377020474	4.787841189511049	2
5.213129365389051	5.338454017515123	2
4.6820769608105595	5.33821664747325	2
4.630218501804343	5.7715072977033675	2
5.8694363387272555	5.4971971956577494	2
4.254371203647198	5.219695850632268	2
4.7509837746538475	5.964766026908493	2
5.455089454046296	5.158609107595651	2
4.728569261991641	5.208025023130713	2
3.7235050920829607	5.32680929772018	2
5.434481743448398	5.138435952923064	2
6.134877311993804	4.272817162700617	2
5.383331590822543	5.178146408736144	2
3.952698464396928	5.061860957116753	2
4.93314922016578	5.538871902988132	2
4.115730774661484	5.177740896371884	2
4.426265673794449	4.781089977627783	2
4.593426858977773	4.136858698834161	2
5.336147378506218	5.203730918120555	2
4.992158944198723	5.080464084149112	2
4.670723516597498	4.742883017030006	2
4.332870764298623	4.3266412471012226	2
6.191572387431971	5.472239743495207	2
4.417425079608321	5.450413243477094	2
5.246870888674594	4.941948030482817	2
4.184900826516977	5.231391127762887	2
4.122054708281141	5.225467230902957	2
5.48936899205287	6.120446599600729	2
4.647649862071884	5.471630362484747	2
5.866360593459566	5.342250553429595	2
4.8540813186260685	4.6192538940941885	2
4.845442777614146	4.883266669228154	2
5.400282401715498	5.039130087580831	2
4.657994551131392	5.829775398094936	2
4.62762258897578	4.586780730670493	2
4.615041962777342	5.269624595645909	2
4.472685768007493	5.41012391866234	2
4.656081194485659	4.392961298452939	2
5.473625983886874	4.922494953454583	2
4.421322370404573	4.843853874437153	2
5.393163981054488	4.766790451632028	2
6.34811202628179	4.963037666859792	2
4.700673031538507	4.442051507019803	2
5.4312980056642255	3.672190453512534	2
5.465924187057152	5.169982491900631	2
4.67385320003249	4.739405343849445	2
5.977956154125347	5.195046661343963	2
4.543588887277921	5.558508144047926	2
5.460429411890409	5.159363826471511	2
5.033258611191584	5.151235948869891	2
6.151958348841971	4.469992088639226	2
4.208530801332459	5.305189689553602	2
5.283645138926334	4.888662449742423	2
5.57616578239156	5.539809296018411	2
5.1882127655778145	4.450299604707903	2
5.464752555739764	5.291112295698962	2
3.9917966861001197	4.73027268331275	2
4.802385508672823	4.420289741800044	2
5.385702974338423	5.514719414391384	2
4.682838953159518	4.818629417006431	2
5.199523172820065	3.6137036217866747	2
5.373594167102316	4.405527522398132	2
5.185412500640551	5.071030902593618	2
4.387282240584916	5.422181488200773	2
5.420815632036819	4.875270709919525	2
3.8722178852989053	4.488746578182198	2
4.447808330285775	5.026082539630488	2
4.2879695455087345	4.753340058318903	2
4.421908784089044	5.390599050854997	2
5.28829540830747	4.895850622211003	2
5.099650098448232	4.974698229519167	2
5.933779480213285	5.453022329137693	2
4.276732650218306	5.400148974670014	2
3.984657766109253	6.03224643067966	2
5.078253268982688	5.116090518100138	2
5.756664041286602	5.276566032103792	2
4.907473164495329	4.596175756191823	2
5.019315275920094	4.171642448839023	2
5.320065763048796	4.191521977844583	2
4.760172092996026	5.3101791491717565	2
5.2219316163727125	5.166837163687133	2
5.747242272245685	3.9650074874932337	2
4.987836937800532	4.630984545397156	2
5.349228574553668	5.001885444543134	2
4.921166491918092	6.128361748649104	2
5.5633179610532535	4.460034245818289	2
5.077473712848458	5.189081259801087	2
5.733289357787089	5.426275969730616	2
4.933559711206522	4.851104560299136	2
5.261945511917103	5.04421104352233	2
5.9337789950749835	4.511361060061795	2
4.807560095409363	5.047175794658537	2
3.8556899799927358	5.125742207510768	2
5.289260748864439	5.174827228496587	2
4.823003044373258	4.312524353290991	2
5.475044208762795	4.924321395851151	2
4.940917977435715	4.659910898001574	2
4.556107126184943	4.0096017658880365	2
4.3647575007571335	5.484698354079006	2
4.564601425409059	4.710575167617792	2
4.598295167913079	4.6552251111249	2
4.772233748241328	5.008739579512528	2
5.3805188625734965	5.060837508246414	2
4.79841152651341	5.611222535191214	2
4.3535715451382755	5.133525434674591	2
5.228707803110495	4.517693993133136	2
4.552266719403162	5.193451248929631	2
4.608685422086237	4.944805350486556	2
4.229601492777688	5.031630997100166	2
4.93202514966084	5.568445681301347	2
5.2616383302658765	4.9142268343888755	2
4.485032358345512	4.825028317705447	2
4.768202012676953	5.240740736886731	2
4.8232841256214005	4.191762905674484	2
4.815409081028778	4.880310411212037	2
4.9046732532093005	4.802575242983274	2
5.471523043661259	3.6301614164052216	2
4.5144477147777575	5.157408602257912	2
5.5498297979435565	5.327631865361299	2
4.685956220179211	4.7594864407696065	2
5.140220852658148	4.503438194535209	2
4.845493515476439	4.161998096835012	2
5.534254699658004	4.773307098074306	2
5.048862483857428	5.291476839876647	2
4.146864904687494	5.975387697615895	2
5.385895275606834	5.411752076981866	2
4.617928038046778	4.281104263099211	2
5.428961962146168	5.570550933328787	2
5.346886576345066	4.920213280926866	2
5.474710403462881	5.043775620692595	2
4.765567906016602	3.8992793572497213	2
4.6539750761078045	5.7681885271228985	2
5.432218099429753	4.628917489796779	2
4.950773737787284	4.6682608568189465	2
4.701842980774746	4.973716351865227	2
4.4998923263052175	4.227614451611194	2
4.405570371107985	4.7465918228506565	2
1.5888282367913253	-1.0180559722191354	3
0.19216145040675764	-0.6236405580968695	3
0.04656205566821752	0.21173032841784697	3
-0.8578048631811176	0.5910540834810829	3
-0.5623867649216887	-0.48268484442514037	3
0.6650618922679126	-0.10595004580838852	3
-1.1943891334375087	1.3655427766622528	3
-0.25528548107417975	0.10969269869065477	3
0.02704138628813167	-1.1597005716253674	3
1.0729454500509201	1.0285511389301996	3
0.4828727151743518	0.9112923606954988	3
-0.8101486814335974	-0.2186045757879853	3
-0.09516479047482457	0.7958239538218866	3
-0.5389412521117214	0.37747443390427204	3
1.612741688378759	-0.7420110759050831	3
-1.188674073602578	0.2710963327765443	3
-0.7495268350573797	0.7381162088517956	3
-0.4566055199545134	-0.3648325186107776	3
-0.0689167670978026	-0.4644348004534751	3
0.7479565795212063	-0.31737006269597134	3
0.06840747740039892	0.4080675758273055	3
0.6630763774416235	-0.10850706516358392	3
1.3072912722985988	0.6342312607927697	3
-0.21630907833298554	-1.1732026644309836	3
0.20044058222459568	0.4261906841328155	3
-0.3046074862051462	1.2944846099355392	3
-0.5176940974739193	1.080110216784715	3
0.36629366237222755	-0.12008243185557367	3
-0.5692023974311178	-1.2083978216321738	3
0.08883846489253394	0.28139255441129113	3
-1.0438803148939237	0.30757419088517585	3
1.6682013424047593	0.6611356408932897	3
-0.8322014804488201	-0.3547714480090813	3
1.318205487939378	-0.9434313427997124	3
0.19594721933026676	-0.06870527275007056	3
0.6005467470046354	0.7987713066603014	3
-1.1080568781345572	0.4272655653750436	3
-0.53490074673451	-1.0064540316611048	3
-0.20428615392350397	-0.5330445482681363	3
-0.6268265928355728	0.2708317485014834	3
-0.3575635962982111	-0.8264425288856885	3
-0.8211863835799119	1.3605348299545048	3
-0.2822238628812257	0.8557115492676992	3
-0.4174198269153557	-0.0367971073886824	3
-0.21762032018893018	0.06818011638814839	3
-0.017028287079254942	-0.5166216364439821	3
0.5230318339432423	-0.8322614686426152	3
0.2983811115446706	0.47383562452117184	3
-0.21808677248916086	0.0393157395608218	3
0.5997814283318837	-0.45571791531010275	3
-0.6611123791427752	-0.2870347852417839	3
-1.129728493290566	-0.14891819614977808	3
-1.421479127447046	1.4451450029515236	3
0.1457924846538022	0.6836473255385989	3
0.806632095348184	0.7557330144257747	3
1.5815162654835964	-0.029580006162449882	3
-0.1874134758257765	-0.7896079320290048	3
-0.010977478121788337	0.11264971780875609	3
1.0417765356569197	1.327122423221408	3
-0.5693549814429419	-1.0264970294617597	3
-0.48443489344907376	1.0754639379720583	3
-0.33575906980556336	0.43425080884045875	3
-0.8093277022753389	0.5468386711969954	3
-0.47203286246016324	0.022281390792045826	3
0.4503201255440495	-1.0994363860434169	3
0.3259637078113219	-1.0753705803940565	3
0.2634978718089406	-0.769580553408936	3
-0.507918164924509	-0.9683547687765387	3
-0.7339870755469647	-0.9940125560252826	3
0.48892000437513516	0.002639622360388538	3
0.6522938618800125	0.2379754886608834	3
-0.32451718225226595	0.3370370316414235	3
0.5504295734762833	-0.32649336771516013	3
0.4856412068830927	-0.11170140670238682	3
0.2793324419480911	-1.940814929498655	3
-0.4440254655766745	-0.25391881619099665	3
-1.5788949605815326	-0.7157547905449224	3
0.2772046988631517	-0.765143056111354	3
1.0458553512103241	-0.1436107846360606	3
-0.2711287721855666	-0.21161192540273488	3
-0.503723071986255	-0.5690950919878541	3
-0.28953328653182314	-0.5232183680085304	3
0.40361357163045863	-0.1458091289045964	3
0.39710319449686854	-0.15587257036060814	3
-0.9145687962147215	1.1606914757327316	3
-0.029520015903405254	-0.20082103467293533	3
0.5103633935242757	0.09028803753018746	3
0.6645945648480325	0.061285868969633624	3
1.3460594185362693	1.0363603540040969	3
-0.6351088550682695	0.03636177705729726	3
0.46646815742234	-0.32250385117198727	3
1.5142651644964829	0.9355695646054744	3
-0.6691615003449438	-0.24218724298957048	3
-0.7239699892491253	0.47711616279713887	3
0.605105339201654	-0.5195155142845094	3
0.19630919372140718	-0.6951865276507064	3
-0.019727559837058407	0.29983230937129235	3
-1.3553958640925547	0.13214501775567997	3
-0.4707223134431657	-0.2516872130783789	3
0.5402533858495671	0.576452907774612	3
-0.3567565272261574	-0.30665201112783047	3
0.3107042629217979	0.23357202916198677	3
-0.4505328819830233	-1.5563822065570985	3
-0.8769567520349483	0.544243249082337	3
-0.49329019309936356	0.6602825074786463	3
0.11667144676077032	0.44452200582447443	3
-0.7887780661297205	-0.5114744270053774	3
1.369138615775486	0.2730653258815485	3
-0.07225319625549048	0.28741895135686063	3
-0.24740222413003934	-1.1315319320557227	3
0.7886451454745549	-0.7559520558543963	3
0.5891418848515455	-0.17462100611266418	3
-0.47880762841605157	1.1616855573329103	3
-0.11036691131467112	1.5797064481087464	3
-0.011914289703008415	0.26540621488855726	3
0.40496504841021486	0.24475811989522178	3
-0.18760235966596625	0.5617194770574766	3
-0.2435385045283068	0.10944427837278603	3
-0.0935910917679074	0.7544206641833838	3
-0.09301640431086892	-0.2084536155812098	3
-0.43966129174910523	-0.33671898292255137	3
-0.6028579795382918	1.3370454671693235	3
0.7697617171209792	0.4586846115058184	3
-0.4814863277200776	-0.8498541821658844	3
0.8316208546466112	0.22185982834739473	3
-0.638975557810911	0.781911401667097	3
-1.0785579101112373	0.044283395940232194	3
-0.6214500233410789	-1.3865575277567488	3
-0.44509225486521664	0.4735033064625498	3
0.20876672194423918	0.9284701276809212	3
-0.9211351873580648	-0.32310922337029624	3
1.2348366421773647	0.2801100458570563	3
-0.34862271548461343	1.35067243767189	3
-0.456686007670914	-0.27366736263132074	3
-0.04313848146695318	-0.07511369340382228	3
0.10083049981261459	1.0179914548740825	3
0.4840771257491306	0.4863244005592041	3
-0.7001507431726953	-1.081339767744328	3
0.7975804791803104	-0.8643780742475567	3
-0.9339809299819274	-0.9427022540582887	3
-0.24779573787743875	-0.9624659053926131	3
0.47060632990870477	0.2852232853687773	3
-0.7730683375999153	0.03651555548268208	3
1.1536944525452917	0.11495942884113376	3
0.3456192441444319	-0.08127275732405656	3
-1.2291234084064036	0.3156541232641404	3
0.12419829957762697	-0.2812466553457833	3
-0.02749797275924692	-0.8176654484188381	3
-0.9049998368064139	0.18693560854442803	3
0.1095545765757629	0.16252672534019302	3
0.42985555924225616	0.6455446700965687	3
0.28163914882428426	-0.4793670636582192	3
-0.7316773563028682	0.8478017027778906	3
-0.3086458426048139	-0.19624884662915634	3
-0.8156048885483494	0.630578540867931	3
0.007350014504574335	1.2501093457340846	3
-0.2584272865597105	-0.16756542430314847	3
0.034646487155063514	0.3456857433966694	3
0.6371252356648143	0.22205275063391142	3
0.4376620157190312	-1.1214403589247233	3
0.032030962111012244	-0.1310286950180835	3
-0.3188727524621402	0.01223541131753971	3
0.8612034765094044	0.8416658941490879	3
-0.4462059178865603	-0.27809027003015835	3
-0.2796143204840126	0.25903912149326314	3
-1.8614205665977184	0.4244236670515665	3
0.2494564780220813	0.49460121773436366	3
0.9551722936717298	-0.48261442918495634	3
-0.4861975018119558	-0.10474417822936953	3
-0.8032280566877716	-0.3064740313211038	3
0.8251456998117555	-0.12594738506864564	3
-0.3800030332117024	0.2912350323829978	3
-0.6898575163789055	-1.0302845052245106	3
-0.996842636287772	-0.3453239183535358	3
0.21914739115563095	-0.5978670175112073	3
-0.2694158664268928	0.0660461125219518	3
-0.5213283754339079	-0.57850697706131	3
1.3072905931049772	-0.6840945159134877	3
-0.8893394989400134	0.6785776957106078	3
-1.290148685109654	-0.33458180282834066	3
-0.13345744550697955	-0.2763946598234152	3
0.09936721432454576	-0.22352989200156662	3
0.6446011766465732	0.2231093570601148	3
-0.41812124827575387	-0.1665452108152049	3
-0.04776912372724186	1.1993399051545566	3
0.5412770841818197	-0.8287164481353224	3
0.4480920682683144	-1.131869231017584	3
-0.1448325733147802	0.6161252384565475	3
0.36474541351693096	-0.4030515788691463	3
0.5327264076028954	0.08517251154497989	3
-1.787092871083855	0.45753301680825237	3
0.6851165888740174	1.5686252394410203	3
-0.6095580044273172	-0.4051947653350908	3
0.3667237166839439	0.06189546093126298	3
1.0266051009019244	0.5967863576228624	3
-0.08271483158999883	-0.4761247427977952	3
-1.1411388428762312	0.32394757886804193	3
1.0461391811439582	-1.4489895175094727	3
0.1084631979878414	0.2647137637215215	3
-0.07737846006273082	0.7141208982010597	3
7.042779161588847	-1.3089291071388882	4
5.247064721951546	-0.8018235746959751	4
5.059865500144851	0.2722247079658033	4
3.8971080330528487	0.7599266787613924	4
4.276931302243543	-0.6205947999751805	4
5.85507957577303	-0.13622148746792812	4
3.464356828437489	1.7556978557086107	4
4.6717758100474835	0.14103346974512757	4
5.034767496656169	-1.4910435920897585	4
6.379501292922612	1.3224228929102566	4
5.620836348081309	1.1716616066084986	4
3.9583802667282315	-0.281063026013124	4
4.877645269389511	1.0232022263424259	4
4.307075532999216	0.4853242721626355	4
7.073525027915547	-0.9540142404493925	4
3.4717047625109707	0.34855242785555707	4
4.0363226406405115	0.949006554238023	4
4.412935760058483	-0.4690703810709998	4
4.911392728017111	-0.5971304577258967	4
5.961658459384408	-0.4080472234662489	4
5.08795247094337	0.5246583117779643	4
5.8525267709963735	-0.13950908378175078	4
6.6808030643839125	0.8154401924478467	4
4.72188832785759	-1.5084034256969792	4
5.257709320003052	0.5479594510279057	4
4.608361803450526	1.6643373556314076	4
4.334393303247818	1.3887131358660623	4
5.4709489944785785	-0.1543916981000233	4
4.2681683461599915	-1.5536543420985092	4
5.114220883433258	0.3617904271002315	4
3.6578681665649553	0.3954525311380832	4
7.144830297377547	0.8500315382913725	4
3.9300266679943743	-0.4561347188688188	4
6.694835627350629	-1.2129831550282018	4
5.251932139138915	-0.08833535067866215	4
5.772131531863103	1.0269916799918162	4
3.5753554423984264	0.5493414411964846	4
4.3122704684842015	-1.2940123264214207	4
4.737346373526924	-0.685342990630461	4
4.194080094925692	0.34821224807333584	4
4.540275376188014	-1.062568965710171	4
3.944188935397256	1.7492590670843635	4
4.637140747724138	1.1002005633441847	4
4.463317365394543	-0.04731056664259166	4
4.720202445471376	0.08766014964190506	4
4.978106488040958	-0.6642278182851199	4
5.672469500784168	-1.0700504596833624	4
5.383632857700291	0.609217231527221	4
4.719602721085365	0.0505488080067709	4
5.771147550712422	-0.5859230339701322	4
4.1499983696735745	-0.36904472388229365	4
3.5474919371978437	-0.19146625219257185	4
3.1723839789966553	1.8580435752233875	4
5.187447480269174	0.8789751328353415	4
6.037098408304808	0.971656732833139	4
7.0333780556217675	-0.03803143649457842	4
4.75903981679543	-1.0152101983230062	4
4.985886099557701	0.14483535146840068	4
6.33942697441604	1.7063002584275249	4
4.267972166716217	-1.3197818950222626	4
4.377155136994048	1.382739348821218	4
4.568309767392847	0.5583224685091613	4
3.9594358113602786	0.703078291538994	4
4.393100605408361	0.028647502446916065	4
5.578983018556635	-1.4135610677701076	4
5.4190961957574135	-1.3826193176495014	4
5.338782978040067	-0.9894607115257751	4
4.346962359382774	-1.2450275598555498	4
4.056302331439617	-1.2780161434610777	4
5.6286114341966025	0.003393800177642406	4
5.838663536702874	0.3059684854211358	4
4.582763622818515	0.433333326396116	4
5.707695165898079	-0.4197771870623488	4
5.624395837421119	-0.14361609433164021	4
5.359141711076117	-2.495333480783985	4
4.429110115687132	-0.3264670493884243	4
2.9699921935380296	-0.9202561592720432	4
5.356406041395481	-0.9837553578574553	4
6.344671165841845	-0.1846424373892208	4
4.651405864332843	-0.272072475517802	4
4.352356050303387	-0.7316936896986695	4
4.627742917316227	-0.672709330296682	4
5.518931734953447	-0.1874688800201954	4
5.510561250067402	-0.20040759046363904	4
3.824125833438215	1.4923176116563692	4
4.962045693838479	-0.2581984731509169	4
5.6561815059597835	0.11608461968166961	4
5.854478726233185	0.0787961172466718	4
6.730647823832346	1.332463312290982	4
4.183431472055082	0.046750856216525055	4
5.599744773828723	-0.41464780864969797	4
6.946912354352621	1.2028751544927527	4
4.1396494995565005	-0.31138359812944777	4
4.069181442393981	0.6134350664534644	4
5.777992578973556	-0.6679485183657977	4
5.2523975347846665	-0.8938112498366226	4
4.974635994495211	0.3854986834773759	4
3.2573481747381434	0.1699007371144457	4
4.394785597001644	-0.32359784538648717	4
5.694611496092301	0.7411537385673583	4
4.541313036423512	-0.3942668714500677	4
5.399476909470883	0.3003068946368402	4
4.420743437450398	-2.001062837001984	4
3.8724841759550666	0.699741320248719	4
4.36576975172939	0.8489346524725453	4
5.150006145835276	0.5715282932028958	4
3.9858567721189306	-0.6576099775783424	4
6.760321077425624	0.3510839904191338	4
4.907103033385798	0.3695386517445351	4
4.681911426118521	-1.4548267697859294	4
6.013972329895856	-0.971938357527081	4
5.757468137666272	-0.22451272214485396	4
4.384390192036505	1.4935957165708849	4
4.858099685452566	2.0310511475683883	4
4.9846816275247035	0.34123656199957364	4
5.520669347955991	0.3146890112938566	4
4.758796966143757	0.7222107562167557	4
4.686879065606463	0.14071407219358206	4
4.879668596298405	0.9699694253786365	4
4.88040748017174	-0.2680117914615555	4
4.434721196322579	-0.43292440661470893	4
4.224896883450768	1.7190584577891304	4
5.9896936362984015	0.5897373576503381	4
4.380946150074186	-1.0926696627847086	4
6.069226813117072	0.28524835073236465	4
4.178459997100258	1.0053146592862676	4
3.6132826869998373	0.05693579478029854	4
4.2009928271328985	-1.7827168214015343	4
4.427738529459007	0.6087899654518498	4
5.26841435678545	1.1937473070183273	4
3.815683330539631	-0.4154261443332381	4
6.587647111370898	0.36014148753050096	4
4.5517707943769254	1.7365788484352873	4
4.412832275851682	-0.351858037668841	4
4.944536238113917	-0.09657474866205722	4
5.12963921404479	1.3088461562666776	4
5.622384875963168	0.6252742292904053	4
4.099806187349392	-1.3902939870998505	4
6.025460616088971	-1.1113432383182873	4
3.7991673757375217	-1.2120457552178	4
4.681405479871865	-1.237456164076217	4
5.605065281311192	0.3667156526169994	4
4.006054994514394	0.04694857133487697	4
6.4833214389868035	0.14780497993860056	4
5.44436759961427	-0.10449354513092987	4
3.4196984749060526	0.4058410156253234	4
5.159683528028378	-0.3616028425874357	4
4.964645463595254	-1.0512841479670778	4
3.8364287812488964	0.24034578241426463	4
5.140855884168838	0.2089629325802482	4
5.552671433311472	0.8299860044098741	4
5.362107477059794	-0.6163290818462819	4
4.059271970467741	1.0900307607144308	4
4.603169630936668	-0.2523199456660582	4
3.9513651432949795	0.8107438382587684	4
5.009450018648739	1.6072834445152517	4
4.667736345851801	-0.21544125981833376	4
5.044545483485082	0.4444530986528607	4
5.819161017283333	0.28549639367217183	4
5.562708305924469	-1.4418518900460728	4
5.041182665571301	-0.16846546502325024	4
4.590020746834391	0.015731243122551055	4
6.107261612654948	1.0821418639059701	4
4.4263066770029935	-0.3575446328959179	4
4.640495873663412	0.3330502990627669	4
2.606744985802933	0.5456875719234426	4
5.320729757456962	0.6359158513727533	4
6.228078663292225	-0.6205042660949439	4
4.374888926241771	-0.13467108629490368	4
3.9672782128300077	-0.3940380402699906	4
6.0609016140436855	-0.16193235223111582	4
4.511424671584954	0.37444504163528297	4
4.113040336084264	-1.3246515067172282	4
3.718345181915722	-0.4439878950259747	4
5.281760931485811	-0.7686861653715523	4
4.6536081717368525	0.0849164303853666	4
4.329720660156404	-0.743794684793113	4
6.680802191134971	-0.87955009188877	4
3.8565635013628397	0.87245703734221	4
3.341237404859016	-0.430176603636438	4
4.828411855776741	-0.3553645626301053	4
5.127757846988701	-0.2873955754305857	4
5.828772941402737	0.2868548876487191	4
4.462415537931173	-0.2141295567624063	4
4.938582555207832	1.54200844948443	4
5.69592767966234	-1.065492576173986	4
5.576118373487833	-1.455260439879751	4
4.813786691452425	0.792161020872704	4
5.468958388807483	-0.5182091728317595	4
5.684933952632294	0.10950751484354558	4
2.702309165749329	0.5882567358963245	4
5.880864185695165	2.016803879281312	4
4.216282565736306	-0.520964698287974	4
5.471501921450785	0.07957987834019527	4
6.31992084401676	0.7672967455151088	4
4.893652359384287	-0.6121603835971653	4
3.53282148773056	0.41650402997319674	4
6.345036090042232	-1.8629865225121793	4
5.1394526831272245	0.3403462676419562	4
4.900513408490775	0.9181554405442197	4
