0.5887246457674435	0.7758430101884444	0
0.7267266594727938	0.7640681853109511	0
0.2658426210487466	-0.1842936670154405	1
0.9278501930894631	0.26269839924877164	0
-0.3688457327569751	0.904915111326802	0
0.08551962017066064	0.1830608749939277	1
0.6314639843463845	0.7412190793008924	0
0.9692360061921174	0.05572128791830349	0
0.41445634943805404	0.9680895912381433	0
-1.0597044095842743	0.043305494505871074	0
-0.8436042523449018	0.4226757976359058	0
0.4999178986682953	-0.39978002708051674	1
1.5084307741844607	-0.3649658862549169	1
0.32465950469002364	0.9303215677548299	0
-0.9230770260006607	0.28942506082747627	0
1.7142435922277919	-0.20181439838969062	1
-0.038117626608189105	0.3375803457075436	1
0.7642443583412273	0.7628617192489805	0
0.1321331337231325	0.09273281087513234	1
0.2615111328486465	0.9826832419023276	0
-0.25489028428107596	0.9006605752518114	0
0.11972623602170336	0.9985216502171833	0
0.8857463819301123	-0.5343819090205615	1
0.9168432824051103	-0.4772238722383295	1
1.0386204008342226	-0.41658235072865357	1
-0.5915896896382311	0.7409411516309422	0
0.9391744661384172	0.3949810261361451	0
0.2572526265977829	-0.3002944237840329	1
0.49023834690758145	0.9355792967212964	0
0.893682197193891	0.5087107348341807	0
-0.9632228026756873	0.06272244273995431	0
1.9264051032834264	0.32606755717975777	1
0.06379783174278657	0.9676646413152399	0
-1.034856352484394	0.08060164754399739	0
-0.5929884196353942	0.8104506649535254	0
0.476358128608673	0.8285643286136818	0
0.8873499407766253	-0.48082330115674304	1
0.1875540303349446	0.026890709914853934	1
0.990271558196775	0.3101783451827488	0
-0.518112859132964	0.9037958318793327	0
-0.47124687612972277	0.8201159533616942	0
0.9380698331917207	0.3615666327857556	0
1.7673777684319854	-0.16029131874709832	1
0.29606266776176154	-0.09207925148091618	1
2.017213353049856	0.20702662533411995	1
0.19131919661502078	-0.26531370308094326	1
-0.21861584534832415	0.9107034311050823	0
-0.2012630720632935	0.969902668227898	0
0.44921899285021527	-0.33379556121883186	1
1.940023966695745	0.33522504127840325	1
2.0394674708784515	0.372144377956922	1
1.2476385942661075	-0.40396797401748125	1
-0.6989300814587688	0.6802445920227397	0
1.956011182780002	0.2776766326438785	1
0.07091818994169734	0.11001742679540064	1
0.7060295568879812	0.6066081911229785	0
-0.40461828112711984	0.9087102554129554	0
0.05500154206563775	0.999491160614218	0
-0.8878921830193838	0.318644933901938	0
-0.6131208300205805	0.8769329299125497	0
-0.8517485519099297	0.44087995807684444	0
0.3262821853417784	-0.31034647298679696	1
1.7050871070472216	-0.23020906149288203	1
1.023216704104666	-0.49034731620968963	1
0.7141629560415031	-0.5705621487529825	1
1.9783706777641734	0.13476434686655214	1
1.5246705692036193	-0.34598931599466287	1
0.37646716308070916	0.9398560797645463	0
-0.19384116965245485	1.070964586343694	0
0.2271847285500575	0.0839607350484175	1
2.000514110997913	0.5107370638806066	1
1.3758680673124948	-0.45916060264266767	1
1.5243249676615365	-0.28932980645626255	1
-0.9715388504948985	0.22896342834133787	0
0.16417709609255607	-0.1005384717857343	1
0.9888952978704747	0.1198917255625272	0
0.42137315056348	-0.18415829838370487	1
0.1449482751129535	0.35436967195917674	1
0.8926131368051697	0.4719972436930899	0
0.7590419297962908	-0.47705757271240884	1
-0.9845724757620651	0.3632862707607255	0
0.011110651212054979	0.9879775102267757	0
-0.06608694523308277	0.46948483171060323	1
1.1115985854531403	-0.451093153646945	1
1.048306303804118	-0.467411075581539	1
-0.08285550476945225	0.9191411508927277	0
-0.08816537240052923	0.9118300270348728	0
0.008979607718627283	1.0554259897264597	0
-0.4503949599515484	0.782009559306461	0
0.9655313416932582	0.23363176520680673	0
0.5660002937806161	0.7991630288859308	0
1.9232093187466943	0.1880792369994212	1
0.9593079878693025	0.15768259887315073	0
0.8905415400825939	0.5487097436508336	0
0.951966359908223	0.05785927699925475	0
-0.02208023875332232	0.44683925687995957	1
-0.4793438368851559	0.8156958025149399	0
0.8761082829716691	0.42626499912734417	0
1.787950378173564	-0.06169913996417098	1
0.4437504340494912	-0.2822866395647518	1
0.9749700556153384	0.3466716088991094	0
-0.8830928523399573	0.5032845750043068	0
-0.9781615873977989	0.34297981804667194	0
1.510929180251483	-0.28578000929898606	1
-1.0111222700330273	0.11846069566583628	0
0.0640663333265727	0.10794534700766772	1
0.765069749716881	0.6807753172209928	0
0.9270951503997946	0.5107951219727613	0
2.023071773649569	0.31678743514626856	1
1.8951362685584046	0.12841723651506828	1
0.48451113318907857	-0.3501495321854424	1
0.9747453737727562	0.010410062221846761	0
0.994356049292374	0.2301774744603007	0
1.4641028935187208	-0.3375350089097465	1
-0.010334125191705899	1.020087865306678	0
0.6249070464222263	-0.4020787110742351	1
1.845741642733458	-0.012973422336807247	1
0.8401882349746245	-0.4440191956642371	1
0.059687606014499184	0.23011446086559256	1
-0.7925230201447961	0.5425604953519593	0
1.1968792197468283	-0.4817622007211061	1
-0.45670100876366604	0.8806284946875196	0
0.11557280906971823	-0.008497359622861425	1
0.7288041100552741	-0.561870601647004	1
0.007410897049357176	0.36381019937428294	1
-0.06670576860696037	0.39959203807224214	1
-0.38795256545505885	1.0204388827374695	0
0.8263959063828206	0.6099770681122918	0
0.04646041355762121	0.22847715953604936	1
-0.7213081547227163	0.6769069203549983	0
0.07426568873016781	0.10730271785445461	1
0.7091972958042857	-0.46551065155982463	1
-0.04291997560783181	0.5154228371172147	1
-0.2889592665579327	0.9507266431025473	0
0.15353088335705276	-0.17808442507853034	1
1.8683497492818992	-0.1359596862222551	1
0.8004978461399425	0.5439265626903127	0
0.445948483419329	1.0483420412628845	0
0.5667852049228281	0.8530405790772242	0
0.34413636467526076	-0.36698917552522736	1
-0.604042682152919	0.7935572751438774	0
1.9361359411812495	0.4368997766801732	1
0.9071994739304234	0.46531089295323735	0
-0.2987640025343078	0.8392900014841841	0
-0.003906803566185434	0.5020298935035432	1
-0.05838998521858103	0.9747891544410213	0
0.9963463008823404	0.22614305759836656	0
-0.9655280936122181	0.16194712128053299	0
-0.9071744056075913	0.2455163753461258	0
1.6868424968008464	-0.2150025449803005	1
0.3218079758935475	-0.22828746641100758	1
0.06977607389970023	1.0909016189181995	0
2.020291616843098	0.40710924504728496	1
-0.18196576798583886	0.9774269215266196	0
0.11376425758594591	0.9844640018531688	0
1.9418283370063893	0.10719718424838624	1
-0.015194629836931157	0.9691494099303496	0
0.6462022422432518	0.7297822382240045	0
1.8876553601299944	-0.04385334526895589	1
0.015981905826432195	0.18461372561892536	1
0.9958895520927037	0.084734380306098	0
-0.9417627470774658	0.3554914704694949	0
1.8221054679777167	0.06829284177220937	1
0.6864321746929234	-0.35749335827200573	1
0.8750466076211754	0.47352152485471266	0
1.2665003312663226	-0.435710337015364	1
-0.8583180840883087	0.5695959022519392	0
0.24838472554177327	-0.13972199205169694	1
-0.9854148640822198	0.2459124070145367	0
1.7896128683434032	-0.13986133359905026	1
-0.205777992789451	0.9302559413719592	0
0.45565679460242764	-0.3776447675973713	1
-0.725237733842093	0.7471660182660347	0
0.5861307493107413	0.7022611681324086	0
1.6627280908381823	-0.23190416403561676	1
0.883412796217922	-0.516288173257537	1
1.9623605812743246	0.27420064033425695	1
0.722973033340835	-0.4703397052176017	1
1.9340142022822298	0.19010221854521525	1
0.7081995289414194	0.6704898625176904	0
-0.7758444517146943	0.7930577654777984	0
0.7365094820146981	0.7336715544569881	0
0.01823422705705109	0.05029141572558805	1
0.9413632194386522	-0.048180705041517335	0
1.8228879303997967	0.12612010849065985	1
-0.973238697169677	0.3100783219471264	0
1.5969646579220829	-0.32768763224995956	1
1.7658656402625614	-0.09832103966923621	1
1.6697286065598729	-0.26905327301860676	1
0.1909221229754218	1.030811621806322	0
1.642468703685342	-0.21999469428482313	1
0.2565703128406841	-0.31956986044901803	1
0.7339762814966337	0.5365681162059809	0
0.6441652583622999	-0.3507793030629658	1
0.904884832212528	0.12356462709623547	0
2.0042374077842404	0.2662627942260759	1
0.9415345769728256	0.3556018058114329	0
1.2331051321566182	-0.536595866435696	1
0.5558479769136336	0.9211973975335599	0
1.9719720049975509	0.19959383945227793	1
0.13256735665059938	0.9423184436595603	0
0.7120335960275633	0.7688802054099648	0
1.927978796024131	0.4359910373695314	1
-0.9669633840009682	0.1752191393753566	0
-0.042850950011899036	1.0130720056443046	0
-0.4165443054345096	0.9043225657290213	0
-0.31974523172721614	0.9359079642575776	0
0.30175050779799384	-0.06143210590987741	1
1.0443190461634593	-0.4475715277024196	1
-0.44219250207578603	0.8272970413577808	0
0.036361014448226564	0.367157732733999	1
-0.7446967506108788	0.5614605660737041	0
-0.273006477486845	0.9819530895898975	0
1.558310530289008	-0.2651587036128551	1
-0.5728656890921601	0.8320339577531131	0
1.855607046358513	0.16238422218248005	1
0.14347032832715	1.0023092495581651	0
0.007487341117059794	0.15979039737608466	1
0.7989338197090178	-0.46156009534614884	1
0.05359367593957728	0.3050184838737399	1
-0.37391483184237345	0.884510661223613	0
1.507012668356675	-0.36032703884070105	1
1.3837960573488175	-0.35269527650026944	1
0.6108981002009851	-0.3574696427466524	1
1.005366186091616	0.37469699372188625	0
-0.7236834082488092	0.7132624673561133	0
1.9885396612073862	0.5309744046991618	1
1.2252786178456014	-0.4214671035447177	1
1.0737841499783927	-0.36989708189650405	1
1.6422540890951571	-0.2661064649945161	1
0.8120805481809779	0.6669843296976589	0
0.9761170454883622	-0.5055815503119162	1
0.6896110997733788	-0.3812058048920016	1
0.1263883146854749	0.02398957664789081	1
1.8589271052827954	0.24972087560268313	1
0.4764082290111479	0.8801188985819398	0
0.002361937156614813	0.05699346333547136	1
0.15418237628975398	0.07277996929688127	1
-0.9632432013001841	0.07129681174028435	0
-0.6198813937285583	0.7653774603540303	0
0.27087238796662566	0.950998621984994	0
-0.4911929151155666	0.9929248293214017	0
0.10214821807353376	-0.1599189710188295	1
0.03297361650079947	0.42765966497928765	1
0.34858293094075793	-0.2640674938999557	1
1.1404393324752884	-0.4702658936847871	1
0.5750247496132024	0.7717247464452117	0
1.4595260498272968	-0.362767231029264	1
1.2978642488744039	-0.37362354873478887	1
-0.9226913994725259	0.16118918587402398	0
-0.6730792496228198	0.655621067899164	0
1.4473346762761365	-0.386236328338943	1
0.5401261778646185	-0.31547888534372387	1
1.76685608081159	-0.06046205712322555	1
-0.7866251633255829	0.6873812382512571	0
-0.6257245085737486	0.7243180851104127	0
0.8152010548286523	-0.5559232500527648	1
1.007018792734387	0.019933195533143926	0
0.6296553593935212	0.6568446917013743	0
0.8694992798630382	0.6076319265215818	0
1.2449841517224465	-0.39356080323060016	1
-1.0512660797940396	0.006771978058135397	0
-0.9539204288201553	0.5053637376382628	0
0.19506696084652936	-0.16510363816669135	1
0.4540816124709345	0.8911351715233116	0
1.4087912958258044	-0.5142419263599168	1
1.6930883044460259	-0.21368558948932537	1
0.25322669818827614	0.9685783605973823	0
0.21853148279178394	-0.0968372814135249	1
1.9784426886454425	0.36270085037060246	1
0.589067194319065	-0.42359236456283944	1
0.365253877506135	1.0205853241217369	0
-0.9781930557230464	0.16136943752674604	0
0.5297725847282183	0.8839120937455062	0
0.6998839233804613	-0.474919669735533	1
-1.090080893675745	0.19180339201950897	0
-0.7731278067402935	0.6063025117214461	0
1.897255443016214	0.041145249441213255	1
1.0087850246708885	-0.5036673845368516	1
-0.9163837466729644	0.435833485029557	0
0.24343376161093724	-0.2143270777001519	1
0.7524174087917355	-0.4221664774555751	1
1.852118089035222	-0.0012477412974169644	1
0.9678825243276616	0.23030642397152234	0
-0.8014795490549357	0.5601405191759552	0
1.2727867886955844	-0.4065357907935939	1
0.18899323915664318	-0.17849067382315034	1
1.324996386298252	-0.47861985334004564	1
0.9696602901527537	-0.45508672085521057	1
-0.7972421853826149	0.6279793206732313	0
1.5086438955535073	-0.3292473381413308	1
1.3583422678395378	-0.39438023597514915	1
1.5303809572491296	-0.36885875258927786	1
0.24883943970243294	0.9409965052992215	0
0.8661938955237463	0.4385037417055203	0
0.2244469518501674	0.9624785829610161	0
-0.9548158003262454	0.44508143929800237	0
1.5300277079679547	-0.4079653082179359	1
0.3027125467620687	0.9031019632764563	0
-0.9687994188592082	0.5541043328896317	0
